50 

4 

0.000000 	0.107702 	0.010589 	0.027092 	0.023041 	0.033185 	0.266460 	0.120570 	0.230125 	0.173852 	0.056930 	0.160350 	0.149835 	0.133877 	0.066297 	0.184396 	0.266825 	0.158487 	0.215527 	0.139847 	0.147358 	0.096450 	0.114120 	0.115254 	0.116679 	0.184858 	0.169147 	0.225169 	0.245671 	0.306025 	0.287369 	0.160130 	0.175869 	0.295308 	0.193020 	0.080468 	0.143620 	0.105901 	0.098139 	0.136166 	0.178366 	0.102740 	0.074410 	0.153775 	0.136339 	0.085099 	0.156048 	0.159428 	0.270979 	0.172809 	
0.107702 	0.000000 	0.106011 	0.112390 	0.094250 	0.140780 	0.199100 	0.227338 	0.152273 	0.127823 	0.154510 	0.241119 	0.237012 	0.223802 	0.169149 	0.269880 	0.233807 	0.168294 	0.186980 	0.063241 	0.072153 	0.066772 	0.221071 	0.213661 	0.220923 	0.285022 	0.270197 	0.320944 	0.336819 	0.261856 	0.228965 	0.266785 	0.283388 	0.372664 	0.226767 	0.178330 	0.197226 	0.159648 	0.185396 	0.206115 	0.108842 	0.207185 	0.181837 	0.223832 	0.222159 	0.177783 	0.242585 	0.242197 	0.327188 	0.273671 	
0.010589 	0.106011 	0.000000 	0.037586 	0.014689 	0.037708 	0.258021 	0.121327 	0.222707 	0.164855 	0.052344 	0.153622 	0.144065 	0.128495 	0.073541 	0.193520 	0.256735 	0.147907 	0.205473 	0.133646 	0.140834 	0.088645 	0.115078 	0.111854 	0.115649 	0.191701 	0.175835 	0.232765 	0.253911 	0.296220 	0.278290 	0.160783 	0.177604 	0.304773 	0.182840 	0.088798 	0.134052 	0.095932 	0.091756 	0.127854 	0.170808 	0.108749 	0.076169 	0.164040 	0.145710 	0.094231 	0.165217 	0.168923 	0.262286 	0.170539 	
0.027092 	0.112390 	0.037586 	0.000000 	0.047429 	0.039731 	0.286097 	0.126961 	0.247153 	0.195397 	0.077088 	0.181932 	0.169713 	0.153201 	0.057328 	0.164692 	0.291350 	0.185131 	0.240005 	0.154644 	0.162832 	0.115923 	0.120240 	0.131024 	0.127359 	0.172926 	0.157913 	0.210446 	0.228706 	0.329574 	0.308762 	0.165813 	0.178558 	0.273895 	0.219961 	0.066137 	0.169892 	0.132686 	0.119816 	0.160625 	0.196104 	0.095412 	0.080723 	0.129433 	0.116133 	0.067136 	0.136417 	0.138476 	0.295733 	0.185141 	
0.023041 	0.094250 	0.014689 	0.047429 	0.000000 	0.052296 	0.243639 	0.133739 	0.208036 	0.150827 	0.060783 	0.157167 	0.149257 	0.134397 	0.088173 	0.207418 	0.244298 	0.138280 	0.192965 	0.119069 	0.126193 	0.074009 	0.127659 	0.120503 	0.126673 	0.206389 	0.190524 	0.247378 	0.268340 	0.283174 	0.264337 	0.172977 	0.190512 	0.318338 	0.177300 	0.103148 	0.131169 	0.091954 	0.096556 	0.128437 	0.156150 	0.123409 	0.089484 	0.176202 	0.159380 	0.108110 	0.179076 	0.182459 	0.261347 	0.180073 	
0.033185 	0.140780 	0.037708 	0.039731 	0.052296 	0.000000 	0.293868 	0.089069 	0.259854 	0.199802 	0.042496 	0.145609 	0.132015 	0.115267 	0.037893 	0.161013 	0.286951 	0.172424 	0.236167 	0.171347 	0.178485 	0.125733 	0.082454 	0.091640 	0.087873 	0.154527 	0.138560 	0.196377 	0.218611 	0.327949 	0.312703 	0.128480 	0.143247 	0.273140 	0.196828 	0.055357 	0.143298 	0.110167 	0.084671 	0.128870 	0.207896 	0.071187 	0.042450 	0.139098 	0.114790 	0.063664 	0.133146 	0.138276 	0.263243 	0.145497 	
0.266460 	0.199100 	0.258021 	0.286097 	0.243639 	0.293868 	0.000000 	0.353729 	0.050467 	0.094935 	0.278109 	0.300006 	0.309522 	0.306240 	0.331259 	0.450417 	0.088660 	0.162054 	0.092759 	0.137419 	0.128343 	0.170356 	0.349696 	0.316831 	0.337720 	0.447812 	0.431704 	0.490243 	0.511931 	0.082803 	0.035858 	0.386353 	0.408933 	0.559891 	0.211833 	0.346782 	0.233191 	0.223547 	0.278865 	0.262100 	0.091802 	0.364064 	0.321057 	0.413205 	0.401987 	0.351378 	0.422056 	0.424556 	0.310462 	0.368575 	
0.120570 	0.227338 	0.121327 	0.126961 	0.133739 	0.089069 	0.353729 	0.000000 	0.327897 	0.259362 	0.078469 	0.108368 	0.088744 	0.075698 	0.079932 	0.156098 	0.326399 	0.205424 	0.279732 	0.247714 	0.253415 	0.198443 	0.006740 	0.046959 	0.020567 	0.115335 	0.101146 	0.160376 	0.189216 	0.370754 	0.365819 	0.039561 	0.057454 	0.259870 	0.201396 	0.089612 	0.147324 	0.135009 	0.079703 	0.118769 	0.276908 	0.061336 	0.046624 	0.166684 	0.128452 	0.101851 	0.136485 	0.146588 	0.229692 	0.065423 	
0.230125 	0.152273 	0.222707 	0.247153 	0.208036 	0.259854 	0.050467 	0.327897 	0.000000 	0.073726 	0.250066 	0.288670 	0.295230 	0.289347 	0.296184 	0.411779 	0.122393 	0.155364 	0.103995 	0.093511 	0.084802 	0.134128 	0.323208 	0.295360 	0.313729 	0.414342 	0.398408 	0.455289 	0.475360 	0.129289 	0.085366 	0.363034 	0.384605 	0.519407 	0.214255 	0.310433 	0.223370 	0.205562 	0.257895 	0.249314 	0.051970 	0.330969 	0.291170 	0.371413 	0.363208 	0.313767 	0.383549 	0.385173 	0.319271 	0.350900 	
0.173852 	0.127823 	0.164855 	0.195397 	0.150827 	0.199802 	0.094935 	0.259362 	0.073726 	0.000000 	0.183226 	0.214944 	0.221726 	0.216349 	0.237466 	0.358245 	0.106016 	0.083539 	0.060621 	0.067315 	0.060161 	0.080284 	0.255159 	0.224089 	0.243915 	0.353212 	0.337081 	0.396009 	0.418328 	0.137123 	0.113532 	0.292909 	0.315130 	0.468919 	0.145623 	0.253564 	0.149796 	0.132568 	0.186264 	0.175610 	0.038175 	0.269493 	0.226123 	0.324362 	0.310139 	0.258937 	0.329900 	0.333097 	0.252728 	0.278255 	
0.056930 	0.154510 	0.052344 	0.077088 	0.060783 	0.042496 	0.278109 	0.078469 	0.250066 	0.183226 	0.000000 	0.104845 	0.093146 	0.077004 	0.071520 	0.192269 	0.259715 	0.140683 	0.210410 	0.169437 	0.174996 	0.120020 	0.073362 	0.059796 	0.067618 	0.173412 	0.157326 	0.217972 	0.243244 	0.302605 	0.292784 	0.116007 	0.135856 	0.304111 	0.157022 	0.090298 	0.102311 	0.072900 	0.042845 	0.086388 	0.198772 	0.091867 	0.043996 	0.177994 	0.149388 	0.101064 	0.165737 	0.172503 	0.220826 	0.119315 	
0.160350 	0.241119 	0.153622 	0.181932 	0.157167 	0.145609 	0.300006 	0.108368 	0.288670 	0.214944 	0.104845 	0.000000 	0.019758 	0.034078 	0.163458 	0.263728 	0.250129 	0.138020 	0.212169 	0.232716 	0.234800 	0.186256 	0.110321 	0.064748 	0.088607 	0.222490 	0.209024 	0.266689 	0.296205 	0.295213 	0.302361 	0.116292 	0.139174 	0.368095 	0.106596 	0.180059 	0.066833 	0.087285 	0.062281 	0.039625 	0.244599 	0.163339 	0.121722 	0.266742 	0.231280 	0.192625 	0.242273 	0.251650 	0.123121 	0.078203 	
0.149835 	0.237012 	0.144065 	0.169713 	0.149257 	0.132015 	0.309522 	0.088744 	0.295230 	0.221726 	0.093146 	0.019758 	0.000000 	0.016869 	0.146914 	0.244376 	0.263892 	0.148461 	0.223800 	0.233867 	0.236688 	0.185928 	0.090888 	0.046357 	0.069189 	0.202731 	0.189282 	0.246953 	0.276452 	0.309061 	0.313830 	0.097222 	0.120386 	0.348377 	0.123325 	0.162924 	0.078175 	0.090371 	0.052702 	0.047631 	0.249326 	0.144652 	0.104780 	0.248769 	0.212770 	0.175589 	0.223287 	0.232807 	0.141810 	0.062041 	
0.133877 	0.223802 	0.128495 	0.153201 	0.134397 	0.115267 	0.306240 	0.075698 	0.289347 	0.216349 	0.077004 	0.034078 	0.016869 	0.000000 	0.130228 	0.230089 	0.265179 	0.147078 	0.222957 	0.224022 	0.227358 	0.175308 	0.077042 	0.030707 	0.055431 	0.190798 	0.176824 	0.235533 	0.264680 	0.310300 	0.312460 	0.089916 	0.113609 	0.335505 	0.129330 	0.146439 	0.079411 	0.083810 	0.038420 	0.048323 	0.242106 	0.129287 	0.088187 	0.232753 	0.197203 	0.159070 	0.208312 	0.217625 	0.157197 	0.062341 	
0.066297 	0.169149 	0.073541 	0.057328 	0.088173 	0.037893 	0.331259 	0.079932 	0.296184 	0.237466 	0.071520 	0.163458 	0.146914 	0.130228 	0.000000 	0.123477 	0.324548 	0.208842 	0.273883 	0.206108 	0.213654 	0.162179 	0.073428 	0.101511 	0.087603 	0.118574 	0.102924 	0.159228 	0.180863 	0.365756 	0.350508 	0.115611 	0.124851 	0.235702 	0.228496 	0.018792 	0.173486 	0.143825 	0.107945 	0.154565 	0.244320 	0.038109 	0.042265 	0.106875 	0.078372 	0.030016 	0.095897 	0.101742 	0.285325 	0.144188 	
0.184396 	0.269880 	0.193520 	0.164692 	0.207418 	0.161013 	0.450417 	0.156098 	0.411779 	0.358245 	0.192269 	0.263728 	0.244376 	0.230089 	0.123477 	0.000000 	0.447955 	0.331956 	0.397167 	0.318884 	0.327252 	0.280061 	0.153496 	0.199578 	0.175187 	0.063021 	0.065771 	0.063611 	0.068660 	0.488833 	0.471751 	0.165802 	0.155077 	0.112239 	0.346284 	0.105698 	0.290532 	0.265129 	0.220955 	0.266789 	0.360793 	0.103191 	0.151871 	0.057540 	0.048571 	0.099314 	0.028367 	0.027978 	0.385773 	0.212043 	
0.266825 	0.233807 	0.256735 	0.291350 	0.244298 	0.286951 	0.088660 	0.326399 	0.122393 	0.106016 	0.259715 	0.250129 	0.263892 	0.265179 	0.324548 	0.447955 	0.000000 	0.120985 	0.051345 	0.172225 	0.164216 	0.182017 	0.323834 	0.283234 	0.307654 	0.432933 	0.416909 	0.477672 	0.502756 	0.045171 	0.066444 	0.352882 	0.376530 	0.560082 	0.147921 	0.342300 	0.186060 	0.191550 	0.246886 	0.217205 	0.131962 	0.351304 	0.303561 	0.420498 	0.401356 	0.349757 	0.420072 	0.424793 	0.233325 	0.325797 	
0.158487 	0.168294 	0.147907 	0.185131 	0.138280 	0.172424 	0.162054 	0.205424 	0.155364 	0.083539 	0.140683 	0.138020 	0.148461 	0.147078 	0.208842 	0.331956 	0.120985 	0.000000 	0.075915 	0.127483 	0.124990 	0.101780 	0.202856 	0.162784 	0.186806 	0.312913 	0.296994 	0.357946 	0.383784 	0.165409 	0.165502 	0.232763 	0.256274 	0.444129 	0.064122 	0.227264 	0.071187 	0.070606 	0.126006 	0.100830 	0.119428 	0.232536 	0.183992 	0.310424 	0.287000 	0.236087 	0.304697 	0.310459 	0.171469 	0.209058 	
0.215527 	0.186980 	0.205473 	0.240005 	0.192965 	0.236167 	0.092759 	0.279732 	0.103995 	0.060621 	0.210410 	0.212169 	0.223800 	0.222957 	0.273883 	0.397167 	0.051345 	0.075915 	0.000000 	0.127861 	0.120776 	0.131703 	0.276740 	0.238239 	0.261681 	0.383821 	0.367732 	0.428268 	0.452866 	0.092235 	0.090192 	0.308331 	0.331737 	0.509204 	0.119175 	0.291472 	0.145798 	0.144871 	0.200983 	0.176240 	0.093925 	0.301540 	0.254391 	0.369167 	0.350343 	0.298719 	0.369196 	0.373755 	0.218849 	0.284812 	
0.139847 	0.063241 	0.133646 	0.154644 	0.119069 	0.171347 	0.137419 	0.247714 	0.093511 	0.067315 	0.169437 	0.232716 	0.233867 	0.224022 	0.206108 	0.318884 	0.172225 	0.127483 	0.127861 	0.000000 	0.009091 	0.049759 	0.242279 	0.222491 	0.236469 	0.324682 	0.308993 	0.364318 	0.383328 	0.198732 	0.166087 	0.285370 	0.305167 	0.425954 	0.191033 	0.219198 	0.176108 	0.145493 	0.187782 	0.193880 	0.045972 	0.242319 	0.206714 	0.277903 	0.270345 	0.221663 	0.290759 	0.292050 	0.297276 	0.281693 	
0.147358 	0.072153 	0.140834 	0.162832 	0.126193 	0.178485 	0.128343 	0.253415 	0.084802 	0.060161 	0.174996 	0.234800 	0.236688 	0.227358 	0.213654 	0.327252 	0.164216 	0.124990 	0.120776 	0.009091 	0.000000 	0.054976 	0.248096 	0.226947 	0.241662 	0.332211 	0.316462 	0.372154 	0.391435 	0.190017 	0.157032 	0.290731 	0.310842 	0.434605 	0.188923 	0.227043 	0.176674 	0.147520 	0.191662 	0.195670 	0.036893 	0.249580 	0.213090 	0.286672 	0.278695 	0.229751 	0.299085 	0.300508 	0.295700 	0.285775 	
0.096450 	0.066772 	0.088645 	0.115923 	0.074009 	0.125733 	0.170356 	0.198443 	0.134128 	0.080284 	0.120020 	0.186256 	0.185928 	0.175308 	0.162179 	0.280061 	0.182017 	0.101780 	0.131703 	0.049759 	0.054976 	0.000000 	0.193147 	0.172793 	0.186802 	0.280215 	0.264281 	0.321387 	0.342117 	0.216748 	0.193076 	0.235803 	0.255867 	0.389816 	0.160203 	0.176918 	0.134621 	0.100058 	0.138501 	0.148414 	0.082187 	0.196877 	0.158578 	0.244306 	0.231638 	0.181089 	0.251701 	0.254275 	0.262206 	0.232162 	
0.114120 	0.221071 	0.115078 	0.120240 	0.127659 	0.082454 	0.349696 	0.006740 	0.323208 	0.255159 	0.073362 	0.110321 	0.090888 	0.077042 	0.073428 	0.153496 	0.323834 	0.202856 	0.276740 	0.242279 	0.248096 	0.193147 	0.000000 	0.047278 	0.021714 	0.115154 	0.100511 	0.160435 	0.188903 	0.368029 	0.362312 	0.046060 	0.063063 	0.258592 	0.200904 	0.083579 	0.146343 	0.132296 	0.077717 	0.118459 	0.272065 	0.056512 	0.040004 	0.162070 	0.124220 	0.095930 	0.133046 	0.142945 	0.232383 	0.071384 	
0.115254 	0.213661 	0.111854 	0.131024 	0.120503 	0.091640 	0.316831 	0.046959 	0.295360 	0.224089 	0.059796 	0.064748 	0.046357 	0.030707 	0.101511 	0.199578 	0.283234 	0.162784 	0.238239 	0.222491 	0.226947 	0.172793 	0.047278 	0.000000 	0.026415 	0.162186 	0.147735 	0.207311 	0.236027 	0.328013 	0.326184 	0.070125 	0.093508 	0.305800 	0.154568 	0.116922 	0.101081 	0.093904 	0.037965 	0.071906 	0.245967 	0.098591 	0.059249 	0.202412 	0.166568 	0.129634 	0.177614 	0.186919 	0.187832 	0.060180 	
0.116679 	0.220923 	0.115649 	0.127359 	0.126673 	0.087873 	0.337720 	0.020567 	0.313729 	0.243915 	0.067618 	0.088607 	0.069189 	0.055431 	0.087603 	0.175187 	0.307654 	0.186806 	0.261681 	0.236469 	0.241662 	0.186802 	0.021714 	0.026415 	0.000000 	0.135884 	0.121597 	0.180943 	0.209757 	0.352214 	0.348636 	0.049349 	0.071233 	0.280085 	0.180946 	0.100381 	0.127143 	0.116815 	0.060802 	0.098292 	0.263327 	0.076783 	0.047784 	0.182173 	0.144927 	0.113048 	0.154433 	0.164185 	0.210783 	0.058012 	
0.184858 	0.285022 	0.191701 	0.172926 	0.206389 	0.154527 	0.447812 	0.115335 	0.414342 	0.353212 	0.173412 	0.222490 	0.202731 	0.190798 	0.118574 	0.063021 	0.432933 	0.312913 	0.383821 	0.324682 	0.332211 	0.280215 	0.115154 	0.162186 	0.135884 	0.000000 	0.016155 	0.045433 	0.073892 	0.476010 	0.464991 	0.112934 	0.097602 	0.146763 	0.315951 	0.106790 	0.261025 	0.242814 	0.191359 	0.233607 	0.362398 	0.083749 	0.129439 	0.109516 	0.078051 	0.107857 	0.065665 	0.075433 	0.340563 	0.160197 	
0.169147 	0.270197 	0.175835 	0.157913 	0.190524 	0.138560 	0.431704 	0.101146 	0.398408 	0.337081 	0.157326 	0.209024 	0.189282 	0.176824 	0.102924 	0.065771 	0.416909 	0.296994 	0.367732 	0.308993 	0.316462 	0.264281 	0.100511 	0.147735 	0.121597 	0.016155 	0.000000 	0.061021 	0.088503 	0.459931 	0.448836 	0.102488 	0.089686 	0.159198 	0.300952 	0.091869 	0.245840 	0.226994 	0.176004 	0.218802 	0.346454 	0.067654 	0.113373 	0.104839 	0.069835 	0.093840 	0.061260 	0.072005 	0.328285 	0.149594 	
0.225169 	0.320944 	0.232765 	0.210446 	0.247378 	0.196377 	0.490243 	0.160376 	0.455289 	0.396009 	0.217972 	0.266689 	0.246953 	0.235533 	0.159228 	0.063611 	0.477672 	0.357946 	0.428268 	0.364318 	0.372154 	0.321387 	0.160435 	0.207311 	0.180943 	0.045433 	0.061021 	0.000000 	0.030232 	0.520498 	0.508395 	0.154304 	0.136043 	0.106841 	0.361307 	0.145121 	0.306442 	0.288009 	0.236791 	0.278889 	0.403483 	0.126989 	0.174126 	0.120897 	0.101795 	0.143493 	0.083064 	0.088483 	0.383078 	0.201122 	
0.245671 	0.336819 	0.253911 	0.228706 	0.268340 	0.218611 	0.511931 	0.189216 	0.475360 	0.418328 	0.243244 	0.296205 	0.276452 	0.264680 	0.180863 	0.068660 	0.502756 	0.383784 	0.452866 	0.383328 	0.391435 	0.342117 	0.188903 	0.236027 	0.209757 	0.073892 	0.088503 	0.030232 	0.000000 	0.545070 	0.531310 	0.184450 	0.166269 	0.077070 	0.389452 	0.165213 	0.334290 	0.314364 	0.264362 	0.307284 	0.423835 	0.151461 	0.199819 	0.124548 	0.114722 	0.161684 	0.094416 	0.096511 	0.413159 	0.231327 	
0.306025 	0.261856 	0.296220 	0.329574 	0.283174 	0.327949 	0.082803 	0.370754 	0.129289 	0.137123 	0.302605 	0.295213 	0.309061 	0.310300 	0.365756 	0.488833 	0.045171 	0.165409 	0.092235 	0.198732 	0.190017 	0.216748 	0.368029 	0.328013 	0.352214 	0.476010 	0.459931 	0.520498 	0.545070 	0.000000 	0.048221 	0.397784 	0.421398 	0.600692 	0.192216 	0.383153 	0.231224 	0.235762 	0.291415 	0.262363 	0.154420 	0.393771 	0.346572 	0.459007 	0.441667 	0.390037 	0.460751 	0.465005 	0.272267 	0.370968 	
0.287369 	0.228965 	0.278290 	0.308762 	0.264337 	0.312703 	0.035858 	0.365819 	0.085366 	0.113532 	0.292784 	0.302361 	0.313830 	0.312460 	0.350508 	0.471751 	0.066444 	0.165502 	0.090192 	0.166087 	0.157032 	0.193076 	0.362312 	0.326184 	0.348636 	0.464991 	0.448836 	0.508395 	0.531310 	0.048221 	0.000000 	0.396270 	0.419401 	0.582431 	0.206551 	0.366885 	0.235940 	0.232289 	0.288458 	0.266221 	0.120169 	0.381511 	0.336503 	0.437366 	0.423670 	0.372438 	0.443413 	0.446625 	0.298361 	0.374546 	
0.160130 	0.266785 	0.160783 	0.165813 	0.172977 	0.128480 	0.386353 	0.039561 	0.363034 	0.292909 	0.116007 	0.116292 	0.097222 	0.089916 	0.115611 	0.165802 	0.352882 	0.232763 	0.308331 	0.285370 	0.290731 	0.235803 	0.046060 	0.070125 	0.049349 	0.112934 	0.102488 	0.154304 	0.184450 	0.397784 	0.396270 	0.000000 	0.023767 	0.259467 	0.219148 	0.121891 	0.168604 	0.163982 	0.107840 	0.137895 	0.312676 	0.088613 	0.086044 	0.188225 	0.148703 	0.133097 	0.151801 	0.162756 	0.228835 	0.047267 	
0.175869 	0.283388 	0.177604 	0.178558 	0.190512 	0.143247 	0.408933 	0.057454 	0.384605 	0.315130 	0.135856 	0.139174 	0.120386 	0.113609 	0.124851 	0.155077 	0.376530 	0.256274 	0.331737 	0.305167 	0.310842 	0.255867 	0.063063 	0.093508 	0.071233 	0.097602 	0.089686 	0.136043 	0.166269 	0.421398 	0.419401 	0.023767 	0.000000 	0.242413 	0.242749 	0.127780 	0.192371 	0.187174 	0.130960 	0.161648 	0.333887 	0.092653 	0.101551 	0.184219 	0.144844 	0.137729 	0.144737 	0.155893 	0.248718 	0.066048 	
0.295308 	0.372664 	0.304773 	0.273895 	0.318338 	0.273140 	0.559891 	0.259870 	0.519407 	0.468919 	0.304111 	0.368095 	0.348377 	0.335505 	0.235702 	0.112239 	0.560082 	0.444129 	0.509204 	0.425954 	0.434605 	0.389816 	0.258592 	0.305800 	0.280085 	0.146763 	0.159198 	0.106841 	0.077070 	0.600692 	0.582431 	0.259467 	0.242413 	0.000000 	0.456389 	0.217785 	0.400695 	0.376833 	0.330673 	0.375500 	0.469248 	0.213538 	0.262717 	0.148833 	0.159077 	0.210676 	0.140014 	0.135880 	0.487264 	0.306654 	
0.193020 	0.226767 	0.182840 	0.219961 	0.177300 	0.196828 	0.211833 	0.201396 	0.214255 	0.145623 	0.157022 	0.106596 	0.123325 	0.129330 	0.228496 	0.346284 	0.147921 	0.064122 	0.119175 	0.191033 	0.188923 	0.160203 	0.200904 	0.154568 	0.180946 	0.315951 	0.300952 	0.361307 	0.389452 	0.192216 	0.206551 	0.219148 	0.242749 	0.456389 	0.000000 	0.247241 	0.055756 	0.087480 	0.125722 	0.082662 	0.182672 	0.243217 	0.194451 	0.334953 	0.305772 	0.258075 	0.321022 	0.328537 	0.107477 	0.184680 	
0.080468 	0.178330 	0.088798 	0.066137 	0.103148 	0.055357 	0.346782 	0.089612 	0.310433 	0.253564 	0.090298 	0.180059 	0.162924 	0.146439 	0.018792 	0.105698 	0.342300 	0.227264 	0.291472 	0.219198 	0.227043 	0.176918 	0.083579 	0.116922 	0.100381 	0.106790 	0.091869 	0.145121 	0.165213 	0.383153 	0.366885 	0.121891 	0.127780 	0.217785 	0.247241 	0.000000 	0.192158 	0.162597 	0.126015 	0.172747 	0.258764 	0.035434 	0.058341 	0.088452 	0.059760 	0.012744 	0.077790 	0.083199 	0.302487 	0.154957 	
0.143620 	0.197226 	0.134052 	0.169892 	0.131169 	0.143298 	0.233191 	0.147324 	0.223370 	0.149796 	0.102311 	0.066833 	0.078175 	0.079411 	0.173486 	0.290532 	0.186060 	0.071187 	0.145798 	0.176108 	0.176674 	0.134621 	0.146343 	0.101081 	0.127143 	0.261025 	0.245840 	0.306442 	0.334290 	0.231224 	0.235940 	0.168604 	0.192371 	0.400695 	0.055756 	0.192158 	0.000000 	0.039681 	0.070104 	0.031172 	0.181621 	0.187462 	0.138716 	0.280236 	0.250311 	0.203265 	0.265348 	0.272969 	0.131671 	0.139814 	
0.105901 	0.159648 	0.095932 	0.132686 	0.091954 	0.110167 	0.223547 	0.135009 	0.205562 	0.132568 	0.072900 	0.087285 	0.090371 	0.083810 	0.143825 	0.265129 	0.191550 	0.070606 	0.144871 	0.145493 	0.147520 	0.100058 	0.132296 	0.093904 	0.116815 	0.242814 	0.226994 	0.288009 	0.314364 	0.235762 	0.232289 	0.163982 	0.187174 	0.376833 	0.087480 	0.162597 	0.039681 	0.000000 	0.056221 	0.048493 	0.158968 	0.163798 	0.114729 	0.249100 	0.222064 	0.172704 	0.238629 	0.245278 	0.171241 	0.145724 	
0.098139 	0.185396 	0.091756 	0.119816 	0.096556 	0.084671 	0.278865 	0.079703 	0.257895 	0.186264 	0.042845 	0.062281 	0.052702 	0.038420 	0.107945 	0.220955 	0.246886 	0.126006 	0.200983 	0.187782 	0.191662 	0.138501 	0.077717 	0.037965 	0.060802 	0.191359 	0.176004 	0.236791 	0.264362 	0.291415 	0.288458 	0.107840 	0.130960 	0.330673 	0.125722 	0.126015 	0.070104 	0.056221 	0.000000 	0.046788 	0.209003 	0.117766 	0.069752 	0.214429 	0.182295 	0.137936 	0.196368 	0.204458 	0.178878 	0.094200 	
0.136166 	0.206115 	0.127854 	0.160625 	0.128437 	0.128870 	0.262100 	0.118769 	0.249314 	0.175610 	0.086388 	0.039625 	0.047631 	0.048323 	0.154565 	0.266789 	0.217205 	0.100830 	0.176240 	0.193880 	0.195670 	0.148414 	0.118459 	0.071906 	0.098292 	0.233607 	0.218802 	0.278889 	0.307284 	0.262363 	0.266221 	0.137895 	0.161648 	0.375500 	0.082662 	0.172747 	0.031172 	0.048493 	0.046788 	0.000000 	0.204975 	0.163694 	0.116377 	0.261184 	0.228976 	0.184578 	0.242706 	0.250989 	0.135118 	0.108801 	
0.178366 	0.108842 	0.170808 	0.196104 	0.156150 	0.207896 	0.091802 	0.276908 	0.051970 	0.038175 	0.198772 	0.244599 	0.249326 	0.242106 	0.244320 	0.360793 	0.131962 	0.119428 	0.093925 	0.045972 	0.036893 	0.082187 	0.272065 	0.245967 	0.263327 	0.362398 	0.346454 	0.403483 	0.423835 	0.154420 	0.120169 	0.312676 	0.333887 	0.469248 	0.182672 	0.258764 	0.181621 	0.158968 	0.209003 	0.204975 	0.000000 	0.279001 	0.239432 	0.321913 	0.312237 	0.262386 	0.332499 	0.334448 	0.290053 	0.302809 	
0.102740 	0.207185 	0.108749 	0.095412 	0.123409 	0.071187 	0.364064 	0.061336 	0.330969 	0.269493 	0.091867 	0.163339 	0.144652 	0.129287 	0.038109 	0.103191 	0.351304 	0.232536 	0.301540 	0.242319 	0.249580 	0.196877 	0.056512 	0.098591 	0.076783 	0.083749 	0.067654 	0.126989 	0.151461 	0.393771 	0.381511 	0.088613 	0.092653 	0.213538 	0.243217 	0.035434 	0.187462 	0.163798 	0.117766 	0.163694 	0.279001 	0.000000 	0.049212 	0.105572 	0.068215 	0.045119 	0.079369 	0.088379 	0.286389 	0.125961 	
0.074410 	0.181837 	0.076169 	0.080723 	0.089484 	0.042450 	0.321057 	0.046624 	0.291170 	0.226123 	0.043996 	0.121722 	0.104780 	0.088187 	0.042265 	0.151871 	0.303561 	0.183992 	0.254391 	0.206714 	0.213090 	0.158578 	0.040004 	0.059249 	0.047784 	0.129439 	0.113373 	0.174126 	0.199819 	0.346572 	0.336503 	0.086044 	0.101551 	0.262717 	0.194451 	0.058341 	0.138716 	0.114729 	0.069752 	0.116377 	0.239432 	0.049212 	0.000000 	0.145816 	0.112602 	0.070913 	0.126735 	0.134710 	0.244228 	0.105738 	
0.153775 	0.223832 	0.164040 	0.129433 	0.176202 	0.139098 	0.413205 	0.166684 	0.371413 	0.324362 	0.177994 	0.266742 	0.248769 	0.232753 	0.106875 	0.057540 	0.420498 	0.310424 	0.369167 	0.277903 	0.286672 	0.244306 	0.162070 	0.202412 	0.182173 	0.109516 	0.104839 	0.120897 	0.124548 	0.459007 	0.437366 	0.188225 	0.184219 	0.148833 	0.334953 	0.088452 	0.280236 	0.249100 	0.214429 	0.261184 	0.321913 	0.105572 	0.145816 	0.000000 	0.039562 	0.076975 	0.043934 	0.034329 	0.389725 	0.230099 	
0.136339 	0.222159 	0.145710 	0.116133 	0.159380 	0.114790 	0.401987 	0.128452 	0.363208 	0.310139 	0.149388 	0.231280 	0.212770 	0.197203 	0.078372 	0.048571 	0.401356 	0.287000 	0.350343 	0.270345 	0.278695 	0.231638 	0.124220 	0.166568 	0.144927 	0.078051 	0.069835 	0.101795 	0.114722 	0.441667 	0.423670 	0.148703 	0.144844 	0.159077 	0.305772 	0.059760 	0.250311 	0.222064 	0.182295 	0.228976 	0.312237 	0.068215 	0.112602 	0.039562 	0.000000 	0.051635 	0.020486 	0.023486 	0.354394 	0.191039 	
0.085099 	0.177783 	0.094231 	0.067136 	0.108110 	0.063664 	0.351378 	0.101851 	0.313767 	0.258937 	0.101064 	0.192625 	0.175589 	0.159070 	0.030016 	0.099314 	0.349757 	0.236087 	0.298719 	0.221663 	0.229751 	0.181089 	0.095930 	0.129634 	0.113048 	0.107857 	0.093840 	0.143493 	0.161684 	0.390037 	0.372438 	0.133097 	0.137729 	0.210676 	0.258075 	0.012744 	0.203265 	0.172704 	0.137936 	0.184578 	0.262386 	0.045119 	0.070913 	0.076975 	0.051635 	0.000000 	0.070990 	0.075038 	0.314912 	0.167260 	
0.156048 	0.242585 	0.165217 	0.136417 	0.179076 	0.133146 	0.422056 	0.136485 	0.383549 	0.329900 	0.165737 	0.242273 	0.223287 	0.208312 	0.095897 	0.028367 	0.420072 	0.304697 	0.369196 	0.290759 	0.299085 	0.251701 	0.133046 	0.177614 	0.154433 	0.065665 	0.061260 	0.083064 	0.094416 	0.460751 	0.443413 	0.151801 	0.144737 	0.140014 	0.321022 	0.077790 	0.265348 	0.238629 	0.196368 	0.242706 	0.332499 	0.079369 	0.126735 	0.043934 	0.020486 	0.070990 	0.000000 	0.011169 	0.365088 	0.196312 	
0.159428 	0.242197 	0.168923 	0.138476 	0.182459 	0.138276 	0.424556 	0.146588 	0.385173 	0.333097 	0.172503 	0.251650 	0.232807 	0.217625 	0.101742 	0.027978 	0.424793 	0.310459 	0.373755 	0.292050 	0.300508 	0.254275 	0.142945 	0.186919 	0.164185 	0.075433 	0.072005 	0.088483 	0.096511 	0.465005 	0.446625 	0.162756 	0.155893 	0.135880 	0.328537 	0.083199 	0.272969 	0.245278 	0.204458 	0.250989 	0.334448 	0.088379 	0.134710 	0.034329 	0.023486 	0.075038 	0.011169 	0.000000 	0.374612 	0.207023 	
0.270979 	0.327188 	0.262286 	0.295733 	0.261347 	0.263243 	0.310462 	0.229692 	0.319271 	0.252728 	0.220826 	0.123121 	0.141810 	0.157197 	0.285325 	0.385773 	0.233325 	0.171469 	0.218849 	0.297276 	0.295700 	0.262206 	0.232383 	0.187832 	0.210783 	0.340563 	0.328285 	0.383078 	0.413159 	0.272267 	0.298361 	0.228835 	0.248718 	0.487264 	0.107477 	0.302487 	0.131671 	0.171241 	0.178878 	0.135118 	0.290053 	0.286389 	0.244228 	0.389725 	0.354394 	0.314912 	0.365088 	0.374612 	0.000000 	0.182679 	
0.172809 	0.273671 	0.170539 	0.185141 	0.180073 	0.145497 	0.368575 	0.065423 	0.350900 	0.278255 	0.119315 	0.078203 	0.062041 	0.062341 	0.144188 	0.212043 	0.325797 	0.209058 	0.284812 	0.281693 	0.285775 	0.232162 	0.071384 	0.060180 	0.058012 	0.160197 	0.149594 	0.201122 	0.231327 	0.370968 	0.374546 	0.047267 	0.066048 	0.306654 	0.184680 	0.154957 	0.139814 	0.145724 	0.094200 	0.108801 	0.302809 	0.125961 	0.105738 	0.230099 	0.191039 	0.167260 	0.196312 	0.207023 	0.182679 	0.000000 	

32597.570100 	3962.789465 	10573.070306 	3128.818737 	5802.159108 	2585.185261 	9015.938808 	14528.675835 	9853.040121 	206.470482 	655.862343 	20.085856 	851.251506 	513.209734 	3289.673610 	1088.239683 	552.730705 	214.356564 	110.254809 	3160.857879 	972.730614 	1764.131565 	4103.251677 	70.016606 	3758.188921 	822.120637 	17.257560 	46.602951 	209.427879 	362.617150 	1132.794217 	619.530244 	101.511639 	1936.311819 	1472.166435 	4349.809094 	4847.050197 	745.372119 	47.978779 	58.482118 	1540.541163 	1387.210854 	538.729851 	5022.734655 	1480.281025 	1371.805667 	464.732462 	10997.545830 	40.627365 	115.721121 	
2119.510418 	237.253441 	775.521415 	4.893807 	32.218683 	2.525608 	380.558829 	191.311707 	116.702682 	0.902439 	2.312196 	0.000000 	13.890243 	0.000000 	139.155123 	5.165853 	3.780489 	0.883902 	1.634146 	82.908219 	42.609758 	14.616588 	3.695413 	0.573171 	26.758150 	0.048780 	0.000000 	0.000000 	0.853659 	4.060975 	444.359367 	2.660977 	0.853659 	0.597560 	0.012195 	44.695975 	13.423414 	2.146366 	0.000000 	0.292683 	26.619513 	78.278047 	0.832927 	11.964438 	5.500000 	1.412683 	8.728488 	261.040976 	0.414634 	1.097560 	
16767.378822 	836.057367 	4064.687166 	663.241951 	2410.922563 	550.837951 	2579.496654 	5671.092440 	4806.736878 	136.400004 	168.513366 	27.361026 	235.249954 	430.013730 	816.945584 	514.927167 	190.895439 	68.449708 	122.286708 	372.388851 	147.391661 	165.008975 	1951.776565 	45.966778 	2147.416093 	224.546194 	24.856660 	49.178365 	194.433657 	216.979241 	566.739880 	247.329388 	48.414195 	744.569391 	1197.316464 	863.937070 	929.923467 	274.400151 	13.840245 	44.787439 	286.425946 	388.452022 	34.410027 	1196.329563 	235.725974 	236.141343 	347.110613 	2817.774535 	57.712682 	26.790585 	
870.589411 	118.382928 	47.029759 	33.464680 	38.226777 	450.018439 	7.485366 	44.389633 	522.983708 	0.000000 	3.273760 	0.000000 	2.073171 	1.021953 	133.089148 	2.243904 	1.792684 	4.353658 	0.000000 	7.634146 	1.256098 	26.612196 	15.392290 	12.348538 	15.402438 	4.195122 	0.512194 	0.121951 	0.695122 	0.439024 	135.885268 	1.463415 	0.146341 	15.621952 	13.658535 	73.909271 	7.687806 	1.571952 	0.134147 	0.300487 	0.097561 	4.178046 	2.865852 	239.526511 	88.040977 	92.486490 	40.037807 	635.576341 	0.195121 	0.170731 	
1498.735389 	274.864537 	263.925590 	28.111440 	142.109586 	19.878410 	730.900024 	899.547826 	392.364930 	2.576829 	24.879267 	0.000000 	16.390245 	6.963414 	93.617317 	65.254194 	23.284854 	1.443901 	3.426829 	28.384466 	18.487855 	26.393489 	81.138580 	0.856414 	262.800514 	4.829268 	0.104878 	0.097561 	5.548074 	16.461465 	43.938072 	11.728637 	0.000000 	6.945049 	28.683024 	162.833560 	114.536218 	19.619779 	3.902439 	0.512194 	11.397171 	15.355975 	5.982926 	56.300123 	6.978829 	9.716366 	7.760829 	310.198414 	0.000000 	24.382926 	
17445.608685 	34.467562 	2380.933875 	1876.055511 	1652.338219 	200.212095 	78.582926 	988.188952 	208.757464 	1.975609 	828.680901 	0.829269 	180.470684 	28.225611 	1062.863296 	54.731707 	31.002781 	1096.504197 	0.139024 	8.547559 	2.048781 	5.130243 	893.521659 	19.121952 	1247.646535 	118.928904 	5.153659 	548.460343 	309.082710 	0.000000 	21.887805 	16.689023 	7.841464 	16.902438 	272.963901 	246.691854 	931.202927 	779.926172 	53.648536 	42.493903 	28.763415 	2094.161879 	814.635025 	9.560976 	243.100024 	10.556099 	142.128050 	662.261731 	0.243903 	6.821950 	
21654.329956 	2941.965241 	4628.074879 	493.433977 	2561.205027 	1363.950004 	21569.701059 	22304.566171 	26415.154119 	2477.943483 	1063.162712 	239.222562 	1759.980052 	1424.811902 	1414.855319 	1090.173073 	9813.542997 	2139.215954 	4754.726952 	8521.016634 	3849.162393 	2057.074908 	14676.998538 	1163.167299 	3672.416323 	1559.059000 	74.020047 	339.866511 	629.778463 	8366.680956 	13252.341652 	1262.643804 	489.883977 	1004.670763 	5588.412661 	1502.068147 	15594.454707 	982.717268 	423.647122 	462.351852 	7381.060462 	1551.009657 	383.840982 	104.943075 	1172.952075 	518.778396 	1072.489975 	5313.390343 	178.799316 	1055.555832 	
19221.837462 	346.629831 	2358.237730 	144.463511 	416.445315 	43.986217 	13367.969098 	12995.703882 	9790.466220 	125.534221 	488.909852 	602.286609 	9396.062727 	5368.551925 	3530.076593 	1847.386734 	1046.854584 	471.597221 	181.127391 	1073.612078 	144.600243 	188.972925 	15587.467651 	2461.109977 	16760.224735 	3729.125196 	148.044219 	490.198487 	1832.963706 	444.553707 	1444.137682 	7942.470877 	1780.020516 	4680.974727 	4213.590685 	5643.667578 	8678.623584 	898.149173 	484.446049 	229.621789 	901.076415 	7068.384630 	1566.955533 	6617.220705 	846.155487 	629.893365 	931.759561 	15299.454388 	763.585243 	1762.857025 	
33296.777680 	1225.825146 	6128.576632 	442.015315 	1667.754973 	469.481439 	43456.891921 	33313.060462 	9096.383842 	820.999027 	200.581753 	149.644632 	1415.274948 	2067.032557 	1546.413121 	1642.904854 	3082.694589 	805.787730 	3431.222727 	2716.339510 	2291.637051 	1203.530538 	14541.773075 	562.167706 	10042.809316 	668.808536 	125.376588 	105.477120 	182.854710 	1182.268611 	4877.852022 	2185.565514 	824.666803 	620.567420 	2525.257487 	1845.883807 	5082.468949 	1924.013757 	68.575074 	318.785268 	4798.584095 	900.184192 	382.470340 	109.723000 	705.470899 	616.058949 	1058.090073 	6074.680831 	289.544536 	1033.505561 	
272.707635 	10.702440 	8.287806 	0.463414 	3.121464 	1.829268 	849.308948 	28.551706 	204.888654 	154.971729 	2.926831 	1.731705 	55.907316 	31.712196 	6.343905 	4.999999 	25.894635 	25.024386 	37.150759 	63.866343 	62.428780 	14.652658 	53.782485 	2.182927 	13.517074 	3.699999 	0.000000 	0.829268 	4.280488 	10.227753 	23.183488 	32.157318 	0.829269 	2.831707 	10.305462 	1.143903 	103.078096 	60.254365 	11.718438 	3.463414 	89.155439 	5.997561 	0.975609 	1.018171 	5.401293 	0.939024 	0.231708 	18.229975 	58.390243 	8.182924 	
1724.078734 	141.362463 	331.437903 	16.105365 	227.674465 	110.916558 	245.584610 	1676.128489 	491.772123 	9.927684 	463.446829 	7.605854 	443.201734 	336.224390 	454.146344 	610.457563 	9.619805 	82.384047 	6.947097 	47.899267 	105.094757 	118.670733 	318.009516 	24.073174 	342.537123 	44.018242 	8.280709 	9.704949 	43.635465 	9.598904 	133.813780 	308.093172 	15.676221 	103.559124 	69.185000 	166.416051 	451.314586 	644.099442 	55.556657 	17.156464 	114.257341 	110.516341 	52.191483 	156.456733 	60.844635 	57.414709 	199.952559 	1794.424343 	5.560976 	299.008073 	
152.481294 	0.841464 	0.000000 	0.000000 	0.042414 	1.463415 	1315.128022 	760.492047 	1260.033025 	5.532318 	6.231708 	774.144439 	983.401167 	41.929024 	1.884682 	100.463415 	67.491439 	17.853658 	3.121953 	58.401000 	6.573171 	5.063415 	129.604296 	5129.657631 	91.658538 	11.595121 	0.713463 	0.000000 	3.353660 	2573.582514 	337.224197 	104.142999 	35.744196 	4.046340 	134.317903 	125.458537 	145.798952 	5.979513 	0.536585 	1.134147 	11.719513 	378.388485 	89.002441 	4596.358536 	43.571707 	12.227343 	575.909316 	267.816148 	165.272780 	2226.233445 	
5001.942710 	20.948779 	284.110880 	558.018299 	94.474393 	1158.220393 	3707.169732 	20302.264829 	1261.154905 	47.134147 	486.879536 	2543.323056 	24827.796045 	1963.128540 	500.076735 	1199.372297 	144.393708 	538.453342 	51.993318 	299.024295 	79.939514 	76.325536 	4212.488581 	1303.823053 	20468.352417 	952.595562 	46.642074 	190.687414 	300.181758 	1290.413781 	467.497926 	6099.082076 	1822.036173 	1267.625757 	2134.409292 	1258.944902 	5987.333268 	1418.481174 	1098.359078 	923.381714 	111.235561 	3543.930027 	1034.112589 	1153.054437 	723.244855 	400.528708 	659.799294 	4164.884581 	1182.239514 	10853.426587 	
389.055732 	11.975610 	11.736171 	9.390243 	0.024390 	308.490243 	318.998441 	4316.015559 	51.142318 	0.829269 	5.454391 	41.508343 	663.106488 	227.610143 	115.424244 	65.323414 	22.890244 	29.875806 	0.000000 	66.814635 	2.585365 	4.048779 	545.364586 	455.679411 	983.817684 	160.371951 	1.878049 	11.707317 	89.417074 	103.804879 	84.273171 	231.607072 	28.821951 	275.829754 	138.020733 	208.211949 	330.239512 	20.369464 	91.291753 	29.556588 	30.830001 	222.588756 	80.802930 	8.504878 	13.966755 	9.048782 	33.158536 	342.218292 	4.642585 	30.744855 	
4556.018539 	159.144978 	286.645827 	157.179682 	232.253562 	325.594243 	1168.901392 	3484.517954 	2125.378754 	47.644635 	68.422853 	8.441461 	332.806317 	117.705196 	1806.219606 	423.156438 	77.419269 	43.523122 	37.946072 	239.508929 	44.562856 	31.020073 	490.600876 	76.331078 	380.558977 	211.975221 	9.006121 	23.217635 	98.737708 	154.476489 	276.568538 	244.372998 	33.028025 	1027.884560 	355.806243 	2036.211682 	390.069756 	75.219415 	7.170733 	55.346785 	73.787488 	325.631171 	199.305339 	4574.503245 	245.930020 	208.906587 	508.773121 	1725.915143 	2.670732 	14.051293 	
3547.669583 	95.138217 	695.590222 	33.610270 	104.852853 	11.086587 	2148.879538 	5278.974484 	1129.546390 	9.221634 	43.924392 	26.682537 	513.021757 	119.261760 	886.222123 	8928.725802 	230.565222 	51.519778 	19.886100 	205.717757 	15.947172 	17.502244 	1117.698049 	17.745341 	1037.392654 	309.323098 	13.575416 	82.234437 	365.519198 	168.976515 	412.588606 	310.940147 	60.668684 	2718.630347 	569.586660 	1608.503101 	1227.050805 	64.616635 	107.175857 	26.786148 	39.752830 	558.468515 	51.413000 	8957.268221 	983.240164 	514.824291 	1791.202269 	8446.337631 	88.909830 	19.212221 	
358.109754 	17.709830 	3.268291 	0.487804 	6.829269 	0.539025 	2494.903170 	330.086901 	289.062537 	73.987044 	0.609756 	12.911562 	191.100975 	43.517076 	50.056242 	6.794755 	499.678632 	253.794362 	580.008462 	64.295902 	37.947443 	15.991462 	76.390439 	2.046879 	162.894394 	11.829291 	0.152511 	0.000000 	7.796146 	653.182755 	737.309511 	7.756221 	0.270730 	9.170976 	209.768656 	439.019928 	821.270656 	148.111998 	0.926829 	2.141464 	154.604586 	36.003925 	56.366463 	3.765951 	74.130733 	6.787803 	17.451220 	164.799168 	3.975610 	1.767951 	
522.200664 	2.756098 	6.580488 	7.487806 	3.999999 	4.780488 	1553.829927 	651.306220 	535.062881 	51.947341 	13.041073 	28.541466 	266.676095 	137.444391 	8.039267 	0.536585 	72.472998 	797.954173 	126.555363 	21.152172 	21.304878 	1.435437 	233.351562 	15.346341 	159.861853 	46.232436 	1.580487 	3.439024 	2.541465 	17.609583 	1207.196097 	76.140561 	6.000000 	31.390242 	140.798045 	4.821949 	1721.617284 	1261.665090 	14.242680 	4.337608 	17.402439 	13.740342 	72.041463 	0.000000 	76.743904 	24.304878 	25.450194 	104.353661 	2.780487 	9.606829 	
28.700001 	2.731705 	2.073171 	0.000000 	4.841463 	0.487805 	1576.867195 	57.060171 	451.189630 	63.358215 	5.521952 	3.609756 	72.329269 	253.182928 	5.865855 	0.268293 	96.866680 	60.204364 	285.539217 	24.326829 	5.524391 	12.804024 	16.127074 	0.195121 	26.324389 	13.041462 	0.000000 	0.853659 	0.000000 	46.578049 	1582.713043 	4.507315 	0.219511 	1.804878 	9.726832 	6.878049 	205.754827 	26.897558 	5.230246 	1.279927 	108.801974 	23.497731 	2.721951 	1.707318 	3.317074 	0.397561 	0.146341 	67.046341 	0.097561 	6.478074 	
1233.839463 	243.846783 	57.403411 	2.072853 	30.326998 	1.550976 	2362.934730 	148.303611 	515.208923 	204.379929 	0.904878 	1.658536 	83.582685 	23.081220 	105.287611 	16.228269 	29.244510 	21.813367 	11.085360 	302.371440 	461.123949 	455.196468 	68.123856 	0.719512 	191.548951 	4.676610 	0.663415 	5.468853 	9.382389 	11.107318 	52.837268 	4.509756 	0.963414 	17.357487 	7.399633 	5.426170 	39.824391 	9.326415 	0.000000 	1.890244 	579.964119 	4.991732 	1.287561 	42.659219 	38.939027 	17.049075 	5.170732 	208.176076 	0.714633 	6.646339 	
955.432397 	151.299902 	182.746220 	3.660121 	143.630587 	0.000000 	1535.316636 	502.794000 	750.694660 	211.859780 	17.586415 	22.226001 	38.769855 	4.730733 	44.919363 	35.650267 	783.707071 	100.065831 	76.987049 	401.084707 	394.043635 	286.021585 	294.033537 	21.182927 	75.063195 	57.080731 	0.829269 	0.975610 	9.564048 	149.773293 	116.986537 	19.745413 	0.487804 	27.960169 	73.952585 	85.026171 	237.350367 	33.629269 	5.849608 	0.000000 	428.170419 	47.648341 	4.816341 	0.268291 	66.153657 	14.479293 	0.829269 	179.364196 	0.000000 	6.244830 	
668.960854 	13.298512 	22.229414 	2.799997 	37.450512 	76.424389 	423.507415 	41.680999 	3528.930004 	13.794879 	4.864635 	0.048780 	13.532927 	19.868295 	50.928783 	668.514729 	4.658533 	16.970848 	0.337315 	64.655736 	37.154196 	206.158536 	11.479755 	1.475610 	17.410731 	0.243903 	0.000000 	0.048780 	0.000000 	4.953657 	16.219512 	0.341464 	0.053073 	4.884633 	2.556099 	9.003268 	78.853659 	14.826097 	1.731708 	2.648976 	529.595949 	0.865852 	0.036585 	31.983781 	4.876828 	3.898902 	5.788293 	200.960730 	0.000000 	0.195121 	
8620.181293 	300.848173 	987.172101 	227.865636 	119.033319 	95.829777 	6079.866432 	31364.728467 	4796.240317 	125.866318 	203.471805 	238.457463 	2499.439416 	974.631726 	886.492000 	909.347217 	528.939390 	372.302073 	128.886829 	534.432246 	375.831128 	169.738295 	15526.782930 	997.780504 	5672.905150 	1923.817533 	171.014808 	294.034248 	887.703607 	297.201638 	995.663169 	6231.615609 	920.043610 	1960.942782 	1711.805949 	3229.265591 	3560.213981 	605.016319 	215.637489 	91.772875 	358.115192 	3752.271317 	1405.762976 	4479.196753 	538.700491 	255.361923 	547.143975 	7820.511853 	374.813216 	1811.491366 	
123.810001 	0.000000 	40.708536 	29.375608 	0.975609 	2080.589022 	20856.124001 	912.490851 	11865.213534 	12.926829 	276.051024 	35.304877 	186.997563 	221.351750 	161.482923 	2689.017123 	155.429268 	155.649756 	0.185365 	84.048780 	9.797073 	0.609756 	468.987534 	1673.748480 	238.562439 	72.890268 	3.253657 	2.073171 	4.614633 	7753.085121 	1047.105852 	194.598780 	30.215853 	52.026198 	187.180488 	37.609634 	307.664195 	17.501707 	49.422227 	7.181536 	0.521950 	553.280558 	60.175606 	9015.444364 	29.948049 	70.607317 	1244.975390 	4098.831708 	0.268293 	47.931466 	
9079.888441 	248.197485 	1165.687348 	100.077220 	189.567951 	1078.416927 	13432.671288 	40618.245021 	4029.677778 	121.776147 	208.833830 	95.929045 	14488.257439 	1346.155411 	999.350610 	1091.625538 	999.783244 	643.274215 	99.580611 	925.984584 	326.960391 	181.778367 	10504.471093 	922.261140 	11178.132097 	3185.882005 	70.079587 	299.504809 	708.540098 	655.134342 	1375.877880 	5638.214030 	521.971954 	3026.331373 	2593.517367 	3730.774413 	5307.864780 	788.029413 	3270.589905 	694.616656 	534.567640 	6065.861763 	1729.466221 	6894.396246 	1328.508780 	379.576002 	368.526583 	10057.163979 	142.731832 	531.800024 	
399.600537 	34.445122 	98.442198 	5.475609 	2.409342 	15.621952 	98.487318 	1105.733832 	674.023585 	14.089706 	39.472879 	106.919514 	941.037390 	188.451220 	178.137513 	404.028637 	18.741829 	68.798147 	20.109756 	23.244878 	17.275122 	10.573173 	519.031734 	46.804878 	2030.265388 	750.780510 	269.053932 	1438.534809 	2006.652394 	8.926365 	54.876586 	355.783170 	259.629270 	1512.397518 	149.758171 	563.050515 	236.136490 	190.714878 	18.329270 	112.670731 	4.675610 	899.256442 	289.345513 	1767.718363 	100.818100 	126.166831 	96.652462 	1910.240198 	17.880487 	1108.572345 	
48.903075 	1.073171 	41.305219 	0.853659 	0.000000 	1.121952 	81.853657 	118.841757 	5.468293 	1.600000 	3.036585 	0.317073 	20.701462 	0.865852 	74.636584 	48.982928 	18.210244 	2.295120 	1.409755 	2.309755 	1.039025 	5.821708 	54.285855 	1.353658 	7.348539 	490.204071 	242.017608 	14.929341 	33.014632 	0.707317 	5.526828 	12.195123 	2.307318 	10.841461 	53.139024 	58.607832 	56.641951 	63.641463 	3.381465 	0.070731 	1.578048 	163.320556 	16.285611 	4.390243 	7.670731 	88.368535 	5.073170 	55.809756 	0.000000 	45.797559 	
73.203660 	0.097561 	4.926830 	11.256097 	0.000000 	0.073170 	6.685366 	69.229123 	129.733264 	0.073170 	0.473170 	26.121952 	27.785368 	0.365854 	68.984465 	40.074390 	0.182926 	0.804878 	0.731706 	0.048780 	0.000000 	0.000000 	16.528165 	0.097560 	9.903804 	556.914342 	33.272853 	306.956664 	52.011069 	0.914659 	25.349804 	3.155121 	5.926830 	15.729997 	2.658536 	199.108825 	5.592682 	9.524389 	0.302439 	0.878049 	0.207317 	19.223169 	2.659706 	290.384121 	9.560976 	14.207316 	20.926828 	63.195730 	0.195121 	34.958488 	
46.419219 	0.024390 	19.624392 	0.195121 	1.060975 	0.000000 	5.407681 	298.349878 	106.831512 	6.878047 	0.902439 	0.085365 	14.795123 	38.670732 	285.560414 	93.311776 	50.934147 	0.658535 	0.024390 	0.902439 	0.000000 	1.109755 	164.341096 	1.243902 	15.739753 	780.169071 	14.946342 	104.854728 	156.186700 	1.780488 	16.080244 	5.278047 	1.968292 	242.100195 	3.692680 	588.478218 	53.446343 	15.768291 	0.853657 	0.085365 	0.268293 	157.956024 	5.343900 	609.043707 	151.017145 	61.175608 	12.251709 	174.302339 	0.000000 	0.926827 	
515.290998 	71.670730 	78.902316 	4.512196 	80.181709 	4.041465 	2384.059541 	1392.188024 	209.770878 	89.359395 	43.890244 	20.914635 	809.840734 	722.741465 	53.534877 	104.963418 	130.339293 	93.990247 	49.075784 	76.429758 	66.867073 	228.617460 	344.206392 	35.851221 	72.063415 	164.519512 	17.873174 	223.102440 	138.663414 	371.807346 	2623.576194 	259.723416 	25.353660 	79.117734 	193.705200 	36.593659 	628.523586 	47.768292 	10.390244 	23.902441 	104.165368 	221.721711 	70.466343 	5.829269 	81.573171 	69.478048 	62.248780 	183.067584 	11.856099 	41.646342 	
4489.727318 	243.611341 	846.306855 	15.883804 	278.830733 	14.370732 	7101.868559 	6449.251830 	1577.719074 	83.365975 	58.039023 	56.512195 	468.042438 	156.361269 	81.876075 	187.632855 	683.981807 	403.751242 	11512.443951 	122.596903 	280.920977 	1548.729516 	19178.534484 	35.357121 	1442.421342 	1200.273416 	6.365854 	7.963076 	28.256098 	1080.395268 	11898.749170 	536.353512 	500.259756 	55.714197 	871.362973 	218.649075 	28683.884707 	1079.537901 	137.477536 	149.310976 	134.065173 	1025.250561 	110.755218 	9.177316 	220.004708 	120.076098 	144.377562 	510.064122 	16.485123 	1042.320974 	
1205.737582 	42.239025 	52.575609 	1.317073 	11.241463 	0.829269 	667.818927 	5449.180341 	374.910072 	97.878048 	23.193855 	172.509925 	1987.462463 	193.882026 	41.395683 	138.809023 	67.739025 	91.796341 	19.287806 	65.499439 	90.128122 	31.795122 	2523.394756 	53.447803 	3410.529753 	144.753829 	3.512194 	11.773171 	30.368977 	72.680926 	420.585220 	1429.461343 	3034.779412 	121.683639 	71.231902 	126.792342 	190.238317 	217.186023 	13.922682 	5.146342 	38.428779 	236.498998 	21.772068 	21.006828 	45.950733 	75.964147 	51.511464 	348.727829 	669.311291 	4380.981441 	
183.475688 	64.682927 	7.174880 	0.000000 	0.035584 	45.482926 	677.626827 	1814.617854 	432.111952 	5.009757 	15.917097 	30.180975 	1945.782486 	45.451218 	6.187804 	37.736584 	15.878048 	2.987806 	1.073171 	38.481709 	5.239026 	22.262195 	1139.841953 	36.356099 	195.829930 	258.326827 	0.536585 	5.375610 	13.745442 	29.679952 	551.162683 	3519.155946 	285.949067 	33.450735 	5.573170 	205.015293 	30.241463 	171.910318 	40.284146 	0.000000 	5.823172 	440.274270 	220.714635 	2.075488 	261.778096 	93.921123 	10.973904 	569.280025 	7.617072 	189.490878 	
987.603659 	21.201707 	585.642756 	9.709269 	20.758050 	1.914636 	457.427153 	2054.624172 	67.705953 	16.024390 	2.365852 	0.409755 	106.662070 	16.568781 	500.174437 	1306.283852 	104.322099 	49.068293 	1.121952 	79.433268 	81.920927 	18.640244 	460.072829 	22.443904 	308.262731 	534.555585 	93.994878 	41.703651 	179.420731 	4.499998 	72.861291 	156.605635 	2.813904 	5157.215980 	80.567461 	406.492173 	238.533534 	16.949927 	12.426829 	2.414634 	90.046587 	258.593322 	114.613314 	378.162903 	281.856609 	182.171002 	338.198706 	4737.946019 	1.634146 	26.197458 	
1613.556300 	82.885123 	100.426831 	24.050731 	51.459024 	40.275610 	31710.027367 	1689.837077 	3858.132341 	122.024806 	12.364636 	86.021613 	1843.411392 	204.690901 	188.048439 	131.890489 	931.711834 	1774.851929 	4479.709542 	215.575509 	53.420536 	353.231589 	302.110923 	189.411442 	749.001343 	81.972197 	4.869999 	22.497783 	85.942560 	11464.045444 	10648.713000 	201.148636 	34.547953 	303.419023 	2025.594821 	232.770292 	6633.457460 	215.689662 	89.457075 	321.504147 	718.362833 	195.942606 	26.078538 	258.209025 	115.580343 	41.148291 	38.940975 	1612.704733 	392.663173 	14.138782 	
3058.401847 	83.780881 	284.498973 	293.575878 	49.213020 	124.937415 	999.086239 	3843.625368 	1272.276243 	11.711708 	13.254633 	6.925293 	228.712880 	21.464148 	4653.968341 	481.654366 	63.359269 	28.123465 	9.307902 	83.463832 	21.764757 	30.969049 	1029.710998 	13.877509 	920.681098 	219.781174 	8.605561 	37.402562 	79.707706 	32.200758 	141.084779 	92.963317 	124.829050 	394.545238 	155.015171 	6425.447464 	728.723514 	27.165559 	5.431440 	11.587387 	53.954803 	610.368973 	149.948430 	4575.159900 	1955.290663 	2622.785242 	275.362947 	4574.482831 	8.586024 	12.111585 	
3561.029655 	94.903315 	145.332804 	16.243609 	51.506638 	203.484879 	4493.465386 	5936.849245 	2999.290392 	189.118512 	1096.318290 	179.752782 	2828.212145 	606.275142 	170.448996 	73.558434 	924.987730 	2944.773787 	527.251468 	313.764002 	116.271072 	56.224560 	1654.163046 	197.802417 	2075.446830 	334.030098 	20.522509 	7.672683 	46.482318 	1375.826170 	1507.816173 	226.083658 	68.956851 	131.958997 	12077.522978 	548.647808 	13885.329488 	6161.227774 	979.542073 	8104.891564 	217.432537 	2557.320221 	93.182070 	232.743634 	127.289073 	46.959757 	132.964291 	1106.435511 	914.646435 	146.824218 	
1907.612092 	207.638903 	661.783681 	4.390974 	38.250657 	178.583879 	2113.243171 	2440.268071 	7016.383609 	91.422192 	436.805269 	46.634758 	1811.192412 	403.105875 	660.126368 	189.279417 	448.401024 	9007.249341 	409.621464 	270.457000 	81.725025 	68.455146 	1291.775413 	85.862461 	760.441173 	360.048073 	110.993902 	41.595729 	64.798807 	364.671706 	1622.242438 	327.006904 	27.125244 	302.684802 	415.659318 	168.229242 	4414.744482 	2869.211121 	129.660729 	112.008559 	438.779853 	371.482269 	215.638072 	141.459658 	155.848048 	212.413072 	74.999658 	845.413074 	18.395170 	1016.140290 	
70.315269 	0.000000 	7.571001 	0.000000 	0.020488 	8.199999 	341.165638 	69.232370 	35.870832 	26.073174 	710.433365 	1.195123 	319.924389 	23.848657 	8.817072 	4.121950 	2.678049 	72.230634 	10.951223 	6.121953 	5.902440 	0.243903 	76.408069 	116.345124 	314.442829 	3.463414 	0.780488 	0.243901 	0.804877 	1461.850734 	1710.732366 	3.958534 	7.058536 	2.273170 	18.275098 	1.550562 	178.547193 	49.914754 	25.642683 	5.785850 	13.288420 	9.036583 	29.012685 	338.836098 	1.707317 	4.500000 	5.317074 	33.861855 	0.048780 	678.672268 	
52.922440 	0.682926 	0.357585 	0.365853 	0.853659 	0.829268 	62.053221 	146.323096 	80.470146 	3.317071 	83.376779 	1.950024 	252.310729 	1.679827 	20.682927 	3.756098 	0.560974 	5.046900 	2.685364 	1.146342 	2.280489 	1.097560 	45.093241 	39.889264 	1285.409755 	45.158535 	0.000000 	0.624390 	2.207316 	1.207317 	5.477950 	1.478050 	0.195121 	4.858536 	8.091364 	52.352194 	3068.574385 	36.932289 	7.939684 	36.635750 	1.170732 	5.097560 	0.048780 	0.000000 	2.987806 	78.392683 	1.836585 	10.731706 	0.000000 	1.707318 	
7893.723535 	1214.291730 	1046.545854 	12.975609 	109.414077 	537.993951 	2385.198339 	187.748757 	639.221385 	1675.992049 	4.022002 	0.024390 	50.370465 	111.334149 	72.484219 	54.376587 	181.059271 	34.035803 	503.618850 	2106.582192 	4388.696319 	916.200977 	48.134464 	1.378048 	120.240366 	5.987804 	0.000000 	0.536585 	1.463415 	22.522485 	130.079658 	0.646339 	2.591463 	13.378049 	14.326780 	27.063658 	67.611534 	135.095783 	1.512193 	2.249511 	2326.859583 	19.157466 	0.644805 	0.560976 	95.523171 	101.631489 	3.902439 	102.308950 	0.853657 	1.426830 	
13975.244463 	633.682781 	1392.201294 	331.247779 	620.153808 	200.006266 	934.914955 	13779.250368 	642.586927 	98.338924 	391.806902 	125.846659 	1059.509830 	82.201831 	1278.902925 	1029.955242 	276.551927 	177.334828 	57.312387 	563.133149 	141.072688 	616.785634 	5010.159387 	31.478589 	4907.326788 	3105.423000 	834.565731 	495.518172 	1357.957852 	41.553511 	467.426830 	453.923416 	240.768292 	2260.271587 	120.552757 	3519.130737 	6117.937488 	87.704559 	50.086072 	163.947511 	165.067389 	4725.425118 	1298.463104 	1151.996610 	1158.958343 	937.331978 	1147.638631 	7736.103607 	2.614657 	143.813247 	
954.609729 	129.044097 	77.993122 	3.154804 	733.505584 	24.238266 	683.124904 	488.766466 	296.365537 	124.367490 	119.433946 	2.329270 	137.094318 	154.447246 	406.659024 	23.551632 	298.970244 	78.547266 	113.357076 	131.780977 	82.597122 	37.952218 	467.303808 	35.895118 	1384.549485 	80.127730 	11.941486 	31.403706 	57.630780 	535.914756 	216.386954 	40.394707 	6.879634 	181.844317 	65.615244 	326.076830 	147.029412 	126.525022 	41.167290 	4.411021 	34.491462 	189.160089 	284.970174 	23.616438 	39.224391 	59.655121 	32.627317 	310.225609 	3.648682 	20.266390 	
18204.128389 	140.485656 	4866.886635 	199.064440 	302.161927 	184.029145 	1092.763827 	44709.536610 	208.045050 	6.805050 	73.900195 	225.436633 	701.109951 	175.361658 	6028.562899 	15244.817315 	40.259487 	73.541782 	1.008561 	30.617974 	24.991635 	32.707999 	25697.090658 	268.457584 	6887.595930 	3309.929122 	34.857563 	295.550563 	470.388295 	14.801901 	47.166976 	1204.171220 	464.188127 	3116.131510 	282.573608 	13119.236464 	1420.147732 	240.603073 	44.942878 	11.562684 	21.520122 	4457.295538 	344.449245 	53.754877 	53713.527366 	11333.367272 	26606.351731 	58160.048781 	188.768292 	389.981319 	
4679.873880 	130.208146 	786.846780 	357.538301 	677.257566 	267.810484 	1544.237437 	2797.808177 	865.631464 	2.390245 	36.102439 	651.850981 	744.826806 	149.649391 	1110.342712 	2015.304319 	30.958050 	15.000003 	6.439023 	18.624388 	88.556098 	23.100002 	3578.184251 	194.127783 	358.986174 	1307.257004 	193.347559 	535.904883 	751.013955 	6.426829 	660.282294 	543.253198 	1010.571222 	3308.177570 	113.737319 	6525.711979 	646.976829 	29.533073 	48.452441 	12.817074 	27.053661 	2937.388197 	687.165853 	5172.516025 	2742.790099 	5601.863657 	3789.701440 	3559.534515 	40.560979 	1763.931609 	
3746.822884 	121.527730 	239.549872 	85.940073 	92.830339 	69.867048 	1219.315760 	3355.846096 	536.033121 	14.914633 	47.334636 	6.926830 	63.791221 	57.322635 	961.452611 	589.497779 	93.974757 	22.941463 	17.731710 	77.000977 	240.528636 	22.117071 	987.887070 	14.373169 	244.201950 	677.439292 	8.353657 	10.463415 	32.415025 	66.963417 	236.081343 	137.852611 	20.919516 	1212.171689 	136.499343 	2324.715312 	1051.900564 	69.817074 	104.719513 	1.817073 	37.442196 	815.846980 	261.693389 	5436.783637 	1845.235362 	1420.809733 	338.192271 	1165.955245 	28.243903 	21.926827 	
4304.126052 	131.666317 	591.556858 	35.208537 	42.901222 	188.053658 	4342.162585 	7077.025588 	1037.299657 	2.946829 	71.666658 	34.360369 	327.262101 	555.767391 	385.877466 	2735.428119 	153.976368 	49.304169 	10.713415 	153.386316 	42.244147 	42.480489 	3056.225661 	47.839686 	1805.922367 	565.521952 	52.727610 	182.336901 	385.055167 	81.387610 	748.299243 	367.583052 	163.779609 	1526.340465 	423.320926 	1855.186609 	934.718466 	101.352268 	158.294393 	34.002609 	121.407048 	725.916145 	339.890050 	10422.000903 	2900.109903 	1386.295953 	1588.930753 	18273.382658 	42.843415 	272.754340 	
14897.975238 	290.020753 	1250.521269 	473.686026 	215.380629 	257.180881 	4547.246194 	18535.822731 	1732.925929 	12.237753 	122.695098 	28.695391 	1673.796438 	275.032169 	5018.775558 	10982.465509 	351.979144 	70.658708 	28.770948 	321.739026 	33.934289 	157.085414 	4184.852413 	66.672317 	4583.452635 	2334.958756 	21.194489 	315.989779 	1015.153831 	108.891828 	388.634389 	628.622853 	92.974850 	14650.822781 	1157.323293 	11976.108873 	2986.236459 	142.707757 	62.529999 	42.436926 	300.307853 	2857.049830 	248.280782 	18148.202928 	6832.679686 	3814.156849 	8172.689611 	16280.412148 	19.691585 	147.485343 	
2.982195 	0.000000 	0.000000 	0.000000 	0.000000 	0.000000 	9.195390 	207.339342 	248.133170 	1.653658 	0.024390 	6.526804 	171.964830 	43.578050 	0.243901 	0.000000 	0.148781 	1.492536 	0.268291 	0.000000 	0.000000 	0.000000 	76.941707 	3.317073 	8.029293 	7.500147 	0.512196 	0.275855 	0.000000 	0.009780 	138.861707 	367.166949 	0.378048 	0.302488 	14.494731 	0.878047 	118.145168 	2.624416 	0.634146 	0.000000 	0.121951 	1.065343 	0.170731 	0.000000 	0.048780 	0.878048 	0.000000 	13.236682 	1244.493171 	31.882925 	
321.529440 	15.829267 	12.195123 	0.000000 	6.391464 	0.000000 	1244.578654 	2802.511074 	972.355049 	11.271924 	676.558660 	396.422099 	3789.147898 	208.721391 	13.675633 	8.544169 	39.974707 	133.230197 	2.414635 	36.902196 	25.481709 	4.189023 	3142.635775 	37.474077 	276.180316 	124.183365 	4.068292 	12.920999 	26.321049 	80.439075 	1026.062269 	2476.881166 	994.892368 	62.352708 	49.218730 	200.625391 	290.376826 	481.924681 	38.648783 	2.205024 	17.525610 	236.213416 	3872.444706 	105.149635 	24.316051 	88.490121 	27.492490 	199.099732 	14.553025 	22286.750192 	


12006.209052 	15562.954269 	19119.699259 	22676.444249 	
12006.209052 	15562.954269 	19119.699259 	22676.444249 	
12006.209052 	15562.954269 	19119.699259 	22676.444249 	
12006.209052 	15562.954269 	19119.699259 	22676.444249 	
12006.209052 	15562.954269 	19119.699259 	22676.444249 	
12006.209052 	15562.954269 	19119.699259 	22676.444249 	
11924.167519 	15456.608576 	18989.049407 	22521.490238 	
12015.761507 	15575.336564 	19134.911394 	22694.486223 	
11944.737456 	15483.272195 	19021.806709 	22560.341222 	
11944.737456 	15483.272195 	19021.806709 	22560.341222 	
12028.911021 	15592.381518 	19155.851788 	22719.322058 	
12028.911021 	15592.381518 	19155.851788 	22719.322058 	
12028.911021 	15592.381518 	19155.851788 	22719.322058 	
12028.911021 	15592.381518 	19155.851788 	22719.322058 	
12023.408236 	15585.248575 	19147.088688 	22708.928801 	
12003.957913 	15560.036247 	19116.114355 	22672.192462 	
11954.956916 	15496.519089 	19038.081037 	22579.642985 	
11954.956916 	15496.519089 	19038.081037 	22579.642985 	
11954.956916 	15496.519089 	19038.081037 	22579.642985 	
12011.938143 	15570.380558 	19128.822746 	22687.264934 	
12011.938143 	15570.380558 	19128.822746 	22687.264934 	
12011.938143 	15570.380558 	19128.822746 	22687.264934 	
12015.761507 	15575.336564 	19134.911394 	22694.486223 	
12015.761507 	15575.336564 	19134.911394 	22694.486223 	
12015.761507 	15575.336564 	19134.911394 	22694.486223 	
11962.937146 	15506.863400 	19050.789428 	22594.715457 	
11962.937146 	15506.863400 	19050.789428 	22594.715457 	
11962.937146 	15506.863400 	19050.789428 	22594.715457 	
11962.937146 	15506.863400 	19050.789428 	22594.715457 	
11978.123405 	15526.548470 	19074.973308 	22623.398146 	
11910.791700 	15439.270275 	18967.748625 	22496.226975 	
11935.518504 	15471.322200 	19007.125671 	22542.929142 	
11935.518504 	15471.322200 	19007.125671 	22542.929142 	
12021.490598 	15582.762853 	19144.034881 	22705.306909 	
11914.948566 	15444.658580 	18974.368369 	22504.078158 	
11953.944498 	15495.206751 	19036.468778 	22577.730805 	
11968.332735 	15513.857390 	19059.381819 	22604.906248 	
11968.332735 	15513.857390 	19059.381819 	22604.906248 	
11968.332735 	15513.857390 	19059.381819 	22604.906248 	
11968.332735 	15513.857390 	19059.381819 	22604.906248 	
11978.123405 	15526.548470 	19074.973308 	22623.398146 	
11993.738453 	15546.789353 	19099.840026 	22652.890700 	
11993.738453 	15546.789353 	19099.840026 	22652.890700 	
11977.885190 	15526.239684 	19074.593953 	22622.948222 	
11977.885190 	15526.239684 	19074.593953 	22622.948222 	
11977.885190 	15526.239684 	19074.593953 	22622.948222 	
11977.885190 	15526.239684 	19074.593953 	22622.948222 	
11977.885190 	15526.239684 	19074.593953 	22622.948222 	
11978.123405 	15526.548470 	19074.973308 	22623.398146 	
11978.123405 	15526.548470 	19074.973308 	22623.398146 	

1.00
0.75
1.00
1.50

7.744955e-06 	5.415756e-06 	4.757471e-06 	4.524090e-06 	
4.027433e-06 	2.706808e-06 	2.316945e-06 	2.162810e-06 	
6.640489e-06 	4.610935e-06 	4.032397e-06 	3.822560e-06 	
6.960782e-06 	4.844332e-06 	4.242668e-06 	4.026002e-06 	
4.801191e-06 	3.270643e-06 	2.824911e-06 	2.654282e-06 	
5.795706e-06 	3.995344e-06 	3.477803e-06 	3.285974e-06 	
7.597613e-06 	5.308389e-06 	4.660743e-06 	4.430502e-06 	
8.149249e-06 	5.710364e-06 	5.022887e-06 	4.780888e-06 	
8.030248e-06 	5.623649e-06 	4.944765e-06 	4.705301e-06 	
3.929091e-06 	2.635147e-06 	2.252384e-06 	2.100345e-06 	
5.364949e-06 	3.681452e-06 	3.195014e-06 	3.012367e-06 	
2.975552e-06 	1.940305e-06 	1.626392e-06 	1.494680e-06 	
6.841440e-06 	4.757368e-06 	4.164320e-06 	3.950199e-06 	
4.291214e-06 	2.899025e-06 	2.490115e-06 	2.330357e-06 	
6.688294e-06 	4.645770e-06 	4.063781e-06 	3.852924e-06 	
7.173856e-06 	4.999598e-06 	4.382549e-06 	4.161342e-06 	
6.604293e-06 	4.584559e-06 	4.008635e-06 	3.799569e-06 	
3.940018e-06 	2.643109e-06 	2.259557e-06 	2.107286e-06 	
4.803923e-06 	3.272634e-06 	2.826705e-06 	2.656017e-06 	
3.011064e-06 	1.966183e-06 	1.649706e-06 	1.517237e-06 	
6.598830e-06 	4.580578e-06 	4.005048e-06 	3.796099e-06 	
5.268143e-06 	3.610910e-06 	3.131462e-06 	2.950879e-06 	
5.991536e-06 	4.138044e-06 	3.606364e-06 	3.410360e-06 	
4.826630e-06 	3.289181e-06 	2.841612e-06 	2.670440e-06 	
8.035712e-06 	5.627630e-06 	4.948351e-06 	4.708772e-06 	
4.267312e-06 	2.881607e-06 	2.474423e-06 	2.315175e-06 	
7.873175e-06 	5.509190e-06 	4.841647e-06 	4.605532e-06 	
3.589505e-06 	2.387691e-06 	2.029448e-06 	1.884648e-06 	
7.390686e-06 	5.157601e-06 	4.524896e-06 	4.299067e-06 	
3.268699e-06 	2.153921e-06 	1.818841e-06 	1.680880e-06 	
7.783711e-06 	5.443998e-06 	4.782915e-06 	4.548707e-06 	
3.065869e-06 	2.006119e-06 	1.685685e-06 	1.552048e-06 	
3.026772e-06 	1.977629e-06 	1.660018e-06 	1.527214e-06 	
3.403236e-06 	2.251958e-06 	1.907164e-06 	1.766335e-06 	
7.643711e-06 	5.341980e-06 	4.691005e-06 	4.459782e-06 	
7.734540e-06 	5.408167e-06 	4.750634e-06 	4.517475e-06 	
3.913384e-06 	2.623701e-06 	2.242072e-06 	2.090368e-06 	
4.755606e-06 	3.237425e-06 	2.794985e-06 	2.625327e-06 	
4.147116e-06 	2.794021e-06 	2.395516e-06 	2.238830e-06 	
7.204758e-06 	5.022116e-06 	4.402836e-06 	4.180970e-06 	
6.876440e-06 	4.782872e-06 	4.187298e-06 	3.972430e-06 	
3.019260e-06 	1.972155e-06 	1.655086e-06 	1.522442e-06 	
3.425431e-06 	2.268131e-06 	1.921735e-06 	1.780433e-06 	
7.488857e-06 	5.229138e-06 	4.589345e-06 	4.361422e-06 	
3.920384e-06 	2.628802e-06 	2.246668e-06 	2.094815e-06 	
5.035777e-06 	3.441586e-06 	2.978915e-06 	2.803285e-06 	
4.242043e-06 	2.863194e-06 	2.457835e-06 	2.299125e-06 	
8.427713e-06 	5.913280e-06 	5.205697e-06 	4.957761e-06 	
8.429591e-06 	5.914649e-06 	5.206930e-06 	4.958954e-06 	
7.267588e-06 	5.067900e-06 	4.444083e-06 	4.220878e-06 	

9.224322e-06 	6.901863e-06 	6.297521e-06 	6.132927e-06 	
8.653524e-06 	6.449464e-06 	5.871973e-06 	5.710585e-06 	
8.299433e-06 	6.168822e-06 	5.607988e-06 	5.448587e-06 	
3.044220e-06 	2.003683e-06 	1.690067e-06 	1.560170e-06 	
5.061579e-06 	3.602587e-06 	3.194069e-06 	3.052847e-06 	
5.110280e-06 	3.641185e-06 	3.230377e-06 	3.088881e-06 	
5.896935e-06 	4.264667e-06 	3.816852e-06 	3.670940e-06 	
8.460422e-06 	6.296417e-06 	5.728010e-06 	5.567706e-06 	
5.653856e-06 	4.072010e-06 	3.635630e-06 	3.491082e-06 	
5.971581e-06 	4.323829e-06 	3.872503e-06 	3.726172e-06 	
7.726083e-06 	5.714400e-06 	5.180538e-06 	5.024356e-06 	
8.533154e-06 	6.354063e-06 	5.782234e-06 	5.621521e-06 	
2.859200e-06 	1.857041e-06 	1.552129e-06 	1.423271e-06 	
5.850573e-06 	4.227922e-06 	3.782288e-06 	3.636636e-06 	
4.885703e-06 	3.463192e-06 	3.062948e-06 	2.922713e-06 	
7.593379e-06 	5.609222e-06 	5.081603e-06 	4.926166e-06 	
8.161625e-06 	6.059599e-06 	5.505248e-06 	5.346621e-06 	
7.002378e-06 	5.140811e-06 	4.640993e-06 	4.488875e-06 	
6.725485e-06 	4.921353e-06 	4.434562e-06 	4.283998e-06 	
5.241708e-06 	3.745352e-06 	3.328361e-06 	3.186127e-06 	
9.633706e-06 	7.226330e-06 	6.602729e-06 	6.435837e-06 	
8.298370e-06 	6.167979e-06 	5.607195e-06 	5.447801e-06 	
4.342977e-06 	3.033043e-06 	2.658330e-06 	2.521142e-06 	
9.277489e-06 	6.944002e-06 	6.337158e-06 	6.172266e-06 	
4.684308e-06 	3.303572e-06 	2.912802e-06 	2.773698e-06 	
7.268637e-06 	5.351840e-06 	4.839498e-06 	4.685884e-06 	
2.894290e-06 	1.884852e-06 	1.578289e-06 	1.449235e-06 	
5.947337e-06 	4.304614e-06 	3.854429e-06 	3.708233e-06 	
4.059705e-06 	2.808529e-06 	2.447142e-06 	2.311544e-06 	
8.241375e-06 	6.122806e-06 	5.564704e-06 	5.405629e-06 	
4.254295e-06 	2.962755e-06 	2.592214e-06 	2.455524e-06 	
5.976047e-06 	4.327369e-06 	3.875833e-06 	3.729476e-06 	
7.099566e-06 	5.217840e-06 	4.713451e-06 	4.560786e-06 	
8.703926e-06 	6.489411e-06 	5.909549e-06 	5.747878e-06 	
9.712393e-06 	7.288695e-06 	6.661392e-06 	6.494059e-06 	
6.101946e-06 	4.427153e-06 	3.969694e-06 	3.822631e-06 	
3.996330e-06 	2.758299e-06 	2.399894e-06 	2.264652e-06 	
5.701068e-06 	4.109429e-06 	3.670828e-06 	3.526015e-06 	
7.857937e-06 	5.818903e-06 	5.278839e-06 	5.121917e-06 	
5.492229e-06 	3.943908e-06 	3.515132e-06 	3.371492e-06 	
5.058601e-06 	3.600227e-06 	3.191849e-06 	3.050644e-06 	
8.328143e-06 	6.191576e-06 	5.629392e-06 	5.469830e-06 	
3.408306e-06 	2.292248e-06 	1.961504e-06 	1.829563e-06 	
7.349025e-06 	5.415554e-06 	4.899429e-06 	4.745365e-06 	
6.383942e-06 	4.650656e-06 	4.179931e-06 	4.031284e-06 	
7.544253e-06 	5.570286e-06 	5.044978e-06 	4.889817e-06 	
3.352374e-06 	2.247918e-06 	1.919805e-06 	1.788179e-06 	
5.706598e-06 	4.113811e-06 	3.674950e-06 	3.530106e-06 	
3.443396e-06 	2.320059e-06 	1.987665e-06 	1.855527e-06 	
7.829439e-06 	5.796317e-06 	5.257593e-06 	5.100831e-06 	

