60 

4 

0.000000 	0.107702 	0.098517 	0.010589 	0.012606 	0.033185 	0.040874 	0.266460 	0.120570 	0.230125 	0.129236 	0.148448 	0.056930 	0.216388 	0.184396 	0.266883 	0.266825 	0.158487 	0.215527 	0.164354 	0.139847 	0.091433 	0.114246 	0.114709 	0.114120 	0.116679 	0.065458 	0.184858 	0.245671 	0.303491 	0.306025 	0.339181 	0.287369 	0.160130 	0.221478 	0.191526 	0.295308 	0.322316 	0.303406 	0.193020 	0.080468 	0.143620 	0.105901 	0.090125 	0.139830 	0.136166 	0.178366 	0.102740 	0.074410 	0.153775 	0.136339 	0.159428 	0.270979 	0.208602 	0.183424 	0.200529 	0.171031 	0.172809 	0.261663 	0.335559 	
0.107702 	0.000000 	0.078789 	0.106011 	0.118612 	0.140780 	0.083920 	0.199100 	0.227338 	0.152273 	0.222669 	0.234934 	0.154510 	0.300291 	0.269880 	0.345640 	0.233807 	0.168294 	0.186980 	0.160610 	0.063241 	0.052548 	0.220399 	0.215370 	0.221071 	0.220923 	0.121826 	0.285022 	0.336819 	0.270931 	0.261856 	0.309003 	0.228965 	0.266785 	0.320036 	0.298088 	0.372664 	0.396331 	0.357968 	0.226767 	0.178330 	0.197226 	0.159648 	0.171177 	0.204162 	0.206115 	0.108842 	0.207185 	0.181837 	0.223832 	0.222159 	0.242197 	0.327188 	0.267120 	0.273374 	0.282446 	0.266954 	0.273671 	0.368888 	0.423108 	
0.098517 	0.078789 	0.000000 	0.089863 	0.102226 	0.125941 	0.057644 	0.168171 	0.194556 	0.134854 	0.169452 	0.174886 	0.116153 	0.314846 	0.282872 	0.365040 	0.174297 	0.089944 	0.123461 	0.084643 	0.056657 	0.026534 	0.186051 	0.171029 	0.189514 	0.181936 	0.149506 	0.280343 	0.343763 	0.211803 	0.210431 	0.248994 	0.189050 	0.231180 	0.266674 	0.260738 	0.393382 	0.419999 	0.395799 	0.148179 	0.178652 	0.123507 	0.089980 	0.114917 	0.134047 	0.138465 	0.083054 	0.196690 	0.156378 	0.249105 	0.234672 	0.257581 	0.250430 	0.191972 	0.213614 	0.216673 	0.213019 	0.225383 	0.332508 	0.357325 	
0.010589 	0.106011 	0.089863 	0.000000 	0.013451 	0.037708 	0.032514 	0.258021 	0.121327 	0.222707 	0.124589 	0.142541 	0.052344 	0.225532 	0.193520 	0.276307 	0.256735 	0.147907 	0.205473 	0.153912 	0.133646 	0.084841 	0.114446 	0.112082 	0.115078 	0.115649 	0.075683 	0.191701 	0.253911 	0.293307 	0.296220 	0.328883 	0.278290 	0.160783 	0.218635 	0.192105 	0.304773 	0.331954 	0.313838 	0.182840 	0.088798 	0.134052 	0.095932 	0.082501 	0.131018 	0.127854 	0.170808 	0.108749 	0.076169 	0.164040 	0.145710 	0.168923 	0.262286 	0.199824 	0.178409 	0.194240 	0.167288 	0.170539 	0.262902 	0.330609 	
0.012606 	0.118612 	0.102226 	0.013451 	0.000000 	0.024328 	0.045463 	0.270359 	0.108923 	0.235701 	0.116781 	0.136367 	0.044612 	0.214285 	0.182281 	0.265441 	0.266588 	0.155166 	0.215478 	0.162531 	0.147031 	0.098188 	0.102343 	0.102119 	0.102566 	0.104358 	0.073568 	0.178642 	0.241661 	0.302846 	0.306740 	0.337987 	0.289972 	0.148462 	0.208888 	0.179837 	0.293957 	0.321435 	0.305777 	0.186027 	0.076928 	0.135138 	0.098558 	0.079302 	0.130101 	0.125833 	0.183762 	0.095478 	0.063242 	0.155392 	0.134933 	0.158305 	0.260900 	0.198691 	0.171023 	0.188575 	0.158439 	0.160268 	0.250323 	0.323112 	
0.033185 	0.140780 	0.125941 	0.037708 	0.024328 	0.000000 	0.069707 	0.293868 	0.089069 	0.259854 	0.108545 	0.131116 	0.042496 	0.192905 	0.161013 	0.244590 	0.286951 	0.172424 	0.236167 	0.181599 	0.171347 	0.122515 	0.083527 	0.089232 	0.082454 	0.087873 	0.072847 	0.154527 	0.218611 	0.322703 	0.327949 	0.357164 	0.312703 	0.128480 	0.194908 	0.159831 	0.273140 	0.301069 	0.289680 	0.196828 	0.055357 	0.143298 	0.110167 	0.082235 	0.134982 	0.128870 	0.207896 	0.071187 	0.042450 	0.139098 	0.114790 	0.138276 	0.263243 	0.202029 	0.162606 	0.183474 	0.147002 	0.145497 	0.229264 	0.313383 	
0.040874 	0.083920 	0.057644 	0.032514 	0.045463 	0.069707 	0.000000 	0.225672 	0.147677 	0.190253 	0.138818 	0.152182 	0.071494 	0.257240 	0.225255 	0.307600 	0.227753 	0.125138 	0.176411 	0.128025 	0.102178 	0.053283 	0.139991 	0.132015 	0.141853 	0.138903 	0.097201 	0.224098 	0.286311 	0.264776 	0.266052 	0.301042 	0.246545 	0.186441 	0.236122 	0.217350 	0.335989 	0.362820 	0.341407 	0.168779 	0.121119 	0.126435 	0.086755 	0.088517 	0.128377 	0.128017 	0.138330 	0.140894 	0.104892 	0.192998 	0.177126 	0.200127 	0.257907 	0.195724 	0.190205 	0.201394 	0.183055 	0.190047 	0.288935 	0.341105 	
0.266460 	0.199100 	0.168171 	0.258021 	0.270359 	0.293868 	0.225672 	0.000000 	0.353729 	0.050467 	0.312428 	0.306835 	0.278109 	0.482300 	0.450417 	0.531759 	0.088660 	0.162054 	0.092759 	0.141847 	0.137419 	0.178238 	0.344758 	0.323355 	0.349696 	0.337720 	0.310533 	0.447812 	0.511931 	0.109260 	0.082803 	0.141052 	0.035858 	0.386353 	0.399343 	0.412912 	0.559891 	0.585774 	0.554826 	0.211833 	0.346782 	0.233191 	0.223547 	0.262929 	0.252404 	0.262100 	0.091802 	0.364064 	0.321057 	0.413205 	0.401987 	0.424556 	0.310462 	0.275246 	0.340622 	0.329977 	0.349830 	0.368575 	0.482437 	0.455608 	
0.120570 	0.227338 	0.194556 	0.121327 	0.108923 	0.089069 	0.147677 	0.353729 	0.000000 	0.327897 	0.064659 	0.089788 	0.078469 	0.182366 	0.156098 	0.233048 	0.326399 	0.205424 	0.279732 	0.221311 	0.247714 	0.199738 	0.009056 	0.038319 	0.006740 	0.020567 	0.151011 	0.115335 	0.189216 	0.358116 	0.370754 	0.387894 	0.365819 	0.039561 	0.113742 	0.070956 	0.259870 	0.289441 	0.302956 	0.201396 	0.089612 	0.147324 	0.135009 	0.093270 	0.129560 	0.118769 	0.276908 	0.061336 	0.046624 	0.166684 	0.128452 	0.146588 	0.229692 	0.178004 	0.101948 	0.131515 	0.078093 	0.065423 	0.141630 	0.239240 	
0.230125 	0.152273 	0.134854 	0.222707 	0.235701 	0.259854 	0.190253 	0.050467 	0.327897 	0.000000 	0.294022 	0.292571 	0.250066 	0.443367 	0.411779 	0.491604 	0.122393 	0.155364 	0.103995 	0.135118 	0.093511 	0.139113 	0.319161 	0.300980 	0.323208 	0.313729 	0.268211 	0.414342 	0.475360 	0.151077 	0.129289 	0.186071 	0.085366 	0.363034 	0.386392 	0.391364 	0.519407 	0.544482 	0.509908 	0.214255 	0.310433 	0.223370 	0.205562 	0.241390 	0.240914 	0.249314 	0.051970 	0.330969 	0.291170 	0.371413 	0.363208 	0.385173 	0.319271 	0.275777 	0.328910 	0.322833 	0.334547 	0.350900 	0.462422 	0.455749 	
0.129236 	0.222669 	0.169452 	0.124589 	0.116781 	0.108545 	0.138818 	0.312428 	0.064659 	0.294022 	0.000000 	0.026342 	0.072396 	0.246480 	0.219217 	0.297517 	0.273620 	0.154612 	0.230520 	0.172976 	0.226003 	0.182783 	0.057840 	0.027877 	0.066046 	0.044409 	0.181155 	0.179785 	0.253671 	0.302848 	0.318674 	0.330320 	0.319638 	0.080156 	0.098028 	0.101907 	0.324472 	0.354037 	0.364805 	0.139579 	0.136989 	0.088500 	0.089081 	0.054538 	0.068994 	0.057747 	0.245988 	0.118778 	0.078998 	0.222713 	0.186823 	0.207044 	0.167611 	0.113570 	0.054352 	0.076112 	0.044408 	0.056888 	0.170028 	0.206332 	
0.148448 	0.234934 	0.174886 	0.142541 	0.136367 	0.131116 	0.152182 	0.306835 	0.089788 	0.292571 	0.026342 	0.000000 	0.091874 	0.272086 	0.245192 	0.322827 	0.261313 	0.145788 	0.221144 	0.165360 	0.231409 	0.191324 	0.083556 	0.054141 	0.091754 	0.070040 	0.203961 	0.204072 	0.277837 	0.288531 	0.306483 	0.314101 	0.311166 	0.099175 	0.093858 	0.115771 	0.349550 	0.379127 	0.391043 	0.121028 	0.162849 	0.075545 	0.087769 	0.063788 	0.055450 	0.044959 	0.246712 	0.145110 	0.104619 	0.248971 	0.213165 	0.233346 	0.141282 	0.088339 	0.038865 	0.052441 	0.043138 	0.064566 	0.178948 	0.189053 	
0.056930 	0.154510 	0.116153 	0.052344 	0.044612 	0.042496 	0.071494 	0.278109 	0.078469 	0.250066 	0.072396 	0.091874 	0.000000 	0.223359 	0.192269 	0.275715 	0.259715 	0.140683 	0.210410 	0.153096 	0.169437 	0.121921 	0.070117 	0.060881 	0.073362 	0.067618 	0.113833 	0.173412 	0.243244 	0.293961 	0.302605 	0.326745 	0.292784 	0.116007 	0.166707 	0.146478 	0.304111 	0.332838 	0.327720 	0.157022 	0.090298 	0.102311 	0.072900 	0.039960 	0.092752 	0.086388 	0.198772 	0.091867 	0.043996 	0.177994 	0.149388 	0.172503 	0.220826 	0.159532 	0.126503 	0.144203 	0.114971 	0.119315 	0.218285 	0.278667 	
0.216388 	0.300291 	0.314846 	0.225532 	0.214285 	0.192905 	0.257240 	0.482300 	0.182366 	0.443367 	0.246480 	0.272086 	0.223359 	0.000000 	0.032015 	0.052395 	0.479808 	0.363424 	0.429072 	0.374029 	0.350322 	0.304699 	0.188647 	0.218918 	0.180439 	0.202124 	0.178474 	0.076273 	0.045589 	0.515334 	0.520788 	0.549237 	0.503751 	0.187300 	0.269246 	0.197209 	0.080754 	0.109615 	0.127324 	0.376217 	0.137635 	0.320475 	0.296102 	0.258158 	0.305647 	0.295902 	0.392506 	0.133069 	0.182164 	0.081185 	0.080320 	0.058327 	0.411648 	0.360048 	0.280526 	0.311572 	0.254866 	0.234372 	0.218618 	0.391687 	
0.184396 	0.269880 	0.282872 	0.193520 	0.182281 	0.161013 	0.225255 	0.450417 	0.156098 	0.411779 	0.219217 	0.245192 	0.192269 	0.032015 	0.000000 	0.083708 	0.447955 	0.331956 	0.397167 	0.342305 	0.318884 	0.272973 	0.161671 	0.191417 	0.153496 	0.175187 	0.148276 	0.063021 	0.068660 	0.483575 	0.488833 	0.517630 	0.471751 	0.165802 	0.250318 	0.179754 	0.112239 	0.140634 	0.147549 	0.346284 	0.105698 	0.290532 	0.265129 	0.227824 	0.276268 	0.266789 	0.360793 	0.103191 	0.151871 	0.057540 	0.048571 	0.027978 	0.385773 	0.332551 	0.256384 	0.286940 	0.231100 	0.212043 	0.210932 	0.375179 	
0.266883 	0.345640 	0.365040 	0.276307 	0.265441 	0.244590 	0.307600 	0.531759 	0.233048 	0.491604 	0.297517 	0.322827 	0.275715 	0.052395 	0.083708 	0.000000 	0.531533 	0.415637 	0.480661 	0.425994 	0.398209 	0.353666 	0.239709 	0.270169 	0.231517 	0.253108 	0.224300 	0.121633 	0.057673 	0.567239 	0.572168 	0.601338 	0.554088 	0.234559 	0.313273 	0.240785 	0.028550 	0.057236 	0.094244 	0.428459 	0.189235 	0.372733 	0.348484 	0.310520 	0.357713 	0.347860 	0.441276 	0.185405 	0.234535 	0.121988 	0.130598 	0.107472 	0.461363 	0.411032 	0.329196 	0.360519 	0.303362 	0.281825 	0.251176 	0.432202 	
0.266825 	0.233807 	0.174297 	0.256735 	0.266588 	0.286951 	0.227753 	0.088660 	0.326399 	0.122393 	0.273620 	0.261313 	0.259715 	0.479808 	0.447955 	0.531533 	0.000000 	0.120985 	0.051345 	0.106619 	0.172225 	0.194862 	0.317404 	0.291043 	0.323834 	0.307654 	0.323422 	0.432933 	0.502756 	0.037613 	0.045171 	0.075427 	0.066444 	0.352882 	0.347796 	0.375281 	0.560082 	0.587871 	0.569093 	0.147921 	0.342300 	0.186060 	0.191550 	0.233297 	0.206186 	0.217205 	0.131962 	0.351304 	0.303561 	0.420498 	0.401356 	0.424793 	0.233325 	0.209327 	0.289297 	0.272202 	0.303833 	0.325797 	0.440223 	0.385009 	
0.158487 	0.168294 	0.089944 	0.147907 	0.155166 	0.172424 	0.125138 	0.162054 	0.205424 	0.155364 	0.154612 	0.145788 	0.140683 	0.363424 	0.331956 	0.415637 	0.120985 	0.000000 	0.075915 	0.020522 	0.127483 	0.116473 	0.196423 	0.170410 	0.202856 	0.186806 	0.221549 	0.312913 	0.383784 	0.153716 	0.165409 	0.186065 	0.165502 	0.232763 	0.237423 	0.256500 	0.444129 	0.472555 	0.460925 	0.064122 	0.227264 	0.071187 	0.070606 	0.112325 	0.090688 	0.100830 	0.119428 	0.232536 	0.183992 	0.310424 	0.287000 	0.310459 	0.171469 	0.121411 	0.178614 	0.168733 	0.188926 	0.209058 	0.323733 	0.300498 	
0.215527 	0.186980 	0.123461 	0.205473 	0.215478 	0.236167 	0.176411 	0.092759 	0.279732 	0.103995 	0.230520 	0.221144 	0.210410 	0.429072 	0.397167 	0.480661 	0.051345 	0.075915 	0.000000 	0.058429 	0.127861 	0.145033 	0.270685 	0.245672 	0.276740 	0.261681 	0.272241 	0.383821 	0.452866 	0.088518 	0.092235 	0.125533 	0.090192 	0.308331 	0.311413 	0.332395 	0.509204 	0.536872 	0.517771 	0.119175 	0.291472 	0.145798 	0.144871 	0.186490 	0.165745 	0.176240 	0.093925 	0.301540 	0.254391 	0.369167 	0.350343 	0.373755 	0.218849 	0.182630 	0.252464 	0.239341 	0.264237 	0.284812 	0.399528 	0.362865 	
0.164354 	0.160610 	0.084643 	0.153912 	0.162531 	0.181599 	0.128025 	0.141847 	0.221311 	0.135118 	0.172976 	0.165360 	0.153096 	0.374029 	0.342305 	0.425994 	0.106619 	0.020522 	0.058429 	0.000000 	0.114113 	0.110542 	0.212266 	0.187348 	0.218360 	0.203270 	0.225224 	0.326347 	0.396200 	0.141336 	0.149936 	0.175603 	0.146662 	0.250124 	0.257503 	0.274675 	0.454536 	0.482627 	0.467750 	0.081560 	0.236895 	0.091362 	0.086455 	0.128062 	0.110594 	0.120468 	0.101131 	0.244739 	0.196950 	0.317770 	0.296367 	0.319851 	0.188926 	0.141017 	0.198781 	0.189250 	0.208469 	0.228102 	0.342629 	0.320637 	
0.139847 	0.063241 	0.056657 	0.133646 	0.147031 	0.171347 	0.102178 	0.137419 	0.247714 	0.093511 	0.226003 	0.231409 	0.169437 	0.350322 	0.318884 	0.398209 	0.172225 	0.127483 	0.127861 	0.114113 	0.000000 	0.048910 	0.239519 	0.226518 	0.242279 	0.236469 	0.174708 	0.324682 	0.383328 	0.208909 	0.198732 	0.246966 	0.166087 	0.285370 	0.323328 	0.315487 	0.425954 	0.450971 	0.417526 	0.191033 	0.219198 	0.176108 	0.145493 	0.171469 	0.188609 	0.193880 	0.045972 	0.242319 	0.206714 	0.277903 	0.270345 	0.292050 	0.297276 	0.241924 	0.270064 	0.272015 	0.269661 	0.281693 	0.387350 	0.412099 	
0.091433 	0.052548 	0.026534 	0.084841 	0.098188 	0.122515 	0.053283 	0.178238 	0.199738 	0.139113 	0.182783 	0.191324 	0.121921 	0.304699 	0.272973 	0.353666 	0.194862 	0.116473 	0.145033 	0.110542 	0.048910 	0.000000 	0.191727 	0.180565 	0.194143 	0.189416 	0.133003 	0.276249 	0.336249 	0.232473 	0.228395 	0.270134 	0.202695 	0.237893 	0.280781 	0.268381 	0.381728 	0.407536 	0.379005 	0.174219 	0.171434 	0.146406 	0.110380 	0.128830 	0.155058 	0.158247 	0.087822 	0.193580 	0.157995 	0.235094 	0.224419 	0.246686 	0.275229 	0.215822 	0.230182 	0.235966 	0.227052 	0.237135 	0.340204 	0.376964 	
0.114246 	0.220399 	0.186051 	0.114446 	0.102343 	0.083527 	0.139991 	0.344758 	0.009056 	0.319161 	0.057840 	0.083556 	0.070117 	0.188647 	0.161671 	0.239709 	0.317404 	0.196423 	0.270685 	0.212266 	0.239519 	0.191727 	0.000000 	0.030611 	0.008209 	0.013518 	0.148001 	0.123055 	0.196860 	0.349200 	0.361736 	0.379099 	0.356771 	0.046508 	0.115311 	0.077700 	0.266758 	0.296311 	0.307971 	0.193180 	0.089441 	0.138837 	0.125982 	0.084235 	0.121325 	0.110643 	0.268259 	0.063923 	0.041455 	0.169476 	0.131891 	0.150874 	0.224260 	0.171409 	0.098705 	0.127397 	0.075954 	0.066093 	0.148981 	0.239556 	
0.114709 	0.215370 	0.171029 	0.112082 	0.102119 	0.089232 	0.132015 	0.323355 	0.038319 	0.300980 	0.027877 	0.054141 	0.060881 	0.218918 	0.191417 	0.270169 	0.291043 	0.170410 	0.245672 	0.187348 	0.226518 	0.180565 	0.030611 	0.000000 	0.038726 	0.017785 	0.160170 	0.153554 	0.227402 	0.321880 	0.335745 	0.350889 	0.333274 	0.063070 	0.106769 	0.090386 	0.297303 	0.326847 	0.336932 	0.163170 	0.110833 	0.109523 	0.101026 	0.060426 	0.091385 	0.080512 	0.251203 	0.091009 	0.054069 	0.195416 	0.159142 	0.179205 	0.195413 	0.141199 	0.075929 	0.101676 	0.057862 	0.058519 	0.161757 	0.224457 	
0.114120 	0.221071 	0.189514 	0.115078 	0.102566 	0.082454 	0.141853 	0.349696 	0.006740 	0.323208 	0.066046 	0.091754 	0.073362 	0.180439 	0.153496 	0.231517 	0.323834 	0.202856 	0.276740 	0.218360 	0.242279 	0.194143 	0.008209 	0.038726 	0.000000 	0.021714 	0.144347 	0.115154 	0.188903 	0.355921 	0.368029 	0.386107 	0.362312 	0.046060 	0.120029 	0.077448 	0.258592 	0.288141 	0.299891 	0.200904 	0.083579 	0.146343 	0.132296 	0.090537 	0.129061 	0.118459 	0.272065 	0.056512 	0.040004 	0.162070 	0.124220 	0.142945 	0.232383 	0.179616 	0.106155 	0.135180 	0.082886 	0.071384 	0.147824 	0.245181 	
0.116679 	0.220923 	0.181936 	0.115649 	0.104358 	0.087873 	0.138903 	0.337720 	0.020567 	0.313729 	0.044409 	0.070040 	0.067618 	0.202124 	0.175187 	0.253108 	0.307654 	0.186806 	0.261681 	0.203270 	0.236469 	0.189416 	0.013518 	0.017785 	0.021714 	0.000000 	0.155580 	0.135884 	0.209757 	0.338882 	0.352214 	0.368220 	0.348636 	0.049349 	0.107610 	0.079026 	0.280085 	0.309646 	0.321420 	0.180946 	0.100381 	0.127143 	0.116815 	0.075418 	0.109144 	0.098292 	0.263327 	0.076783 	0.047784 	0.182173 	0.144927 	0.164185 	0.210783 	0.157957 	0.086291 	0.114394 	0.064587 	0.058012 	0.150890 	0.229912 	
0.065458 	0.121826 	0.149506 	0.075683 	0.073568 	0.072847 	0.097201 	0.310533 	0.151011 	0.268211 	0.181155 	0.203961 	0.113833 	0.178474 	0.148276 	0.224300 	0.323422 	0.221549 	0.272241 	0.225224 	0.174708 	0.133003 	0.148001 	0.160170 	0.144347 	0.155580 	0.000000 	0.170512 	0.215861 	0.360759 	0.359850 	0.397481 	0.335697 	0.187608 	0.263005 	0.217500 	0.251699 	0.276316 	0.246411 	0.258475 	0.070435 	0.208614 	0.171320 	0.151891 	0.203500 	0.198759 	0.218991 	0.105551 	0.107803 	0.103224 	0.101230 	0.120473 	0.333858 	0.271881 	0.234914 	0.256318 	0.217940 	0.213452 	0.281194 	0.384550 	
0.184858 	0.285022 	0.280343 	0.191701 	0.178642 	0.154527 	0.224098 	0.447812 	0.115335 	0.414342 	0.179785 	0.204072 	0.173412 	0.076273 	0.063021 	0.121633 	0.432933 	0.312913 	0.383821 	0.326347 	0.324682 	0.276249 	0.123055 	0.153554 	0.115154 	0.135884 	0.170512 	0.000000 	0.073892 	0.466621 	0.476010 	0.498320 	0.464991 	0.112934 	0.193122 	0.120956 	0.146763 	0.176228 	0.203561 	0.315951 	0.106790 	0.261025 	0.242814 	0.202017 	0.244151 	0.233607 	0.362398 	0.083749 	0.129439 	0.109516 	0.078051 	0.075433 	0.340563 	0.292360 	0.207852 	0.239279 	0.181976 	0.160197 	0.147968 	0.315539 	
0.245671 	0.336819 	0.343763 	0.253911 	0.241661 	0.218611 	0.286311 	0.511931 	0.189216 	0.475360 	0.253671 	0.277837 	0.243244 	0.045589 	0.068660 	0.057673 	0.502756 	0.383784 	0.452866 	0.396200 	0.383328 	0.336249 	0.196860 	0.227402 	0.188903 	0.209757 	0.215861 	0.073892 	0.000000 	0.537206 	0.545070 	0.569719 	0.531310 	0.184450 	0.259227 	0.187008 	0.077070 	0.105508 	0.150897 	0.389452 	0.165213 	0.334290 	0.314364 	0.274255 	0.317737 	0.307284 	0.423835 	0.151461 	0.199819 	0.124548 	0.114722 	0.096511 	0.413159 	0.366062 	0.279956 	0.311489 	0.254084 	0.231327 	0.193545 	0.375871 	
0.303491 	0.270931 	0.211803 	0.293307 	0.302846 	0.322703 	0.264776 	0.109260 	0.358116 	0.151077 	0.302848 	0.288531 	0.293961 	0.515334 	0.483575 	0.567239 	0.037613 	0.153716 	0.088518 	0.141336 	0.208909 	0.232473 	0.349200 	0.321880 	0.355921 	0.338882 	0.360759 	0.466621 	0.537206 	0.000000 	0.033001 	0.038077 	0.077708 	0.382761 	0.371466 	0.403733 	0.595787 	0.623769 	0.606182 	0.170479 	0.378051 	0.214437 	0.224114 	0.265609 	0.234319 	0.245524 	0.167329 	0.385788 	0.337552 	0.457253 	0.437348 	0.460817 	0.243305 	0.228331 	0.313832 	0.294141 	0.330229 	0.353058 	0.466665 	0.397928 	
0.306025 	0.261856 	0.210431 	0.296220 	0.306740 	0.327949 	0.266052 	0.082803 	0.370754 	0.129289 	0.318674 	0.306483 	0.302605 	0.520788 	0.488833 	0.572168 	0.045171 	0.165409 	0.092235 	0.149936 	0.198732 	0.228395 	0.361736 	0.335745 	0.368029 	0.352214 	0.359850 	0.476010 	0.545070 	0.033001 	0.000000 	0.058400 	0.048221 	0.397784 	0.392626 	0.420390 	0.600692 	0.628119 	0.606217 	0.192216 	0.383153 	0.231224 	0.235762 	0.277527 	0.251352 	0.262363 	0.154420 	0.393771 	0.346572 	0.459007 	0.441667 	0.465005 	0.272267 	0.252647 	0.334242 	0.316581 	0.348980 	0.370968 	0.485386 	0.425865 	
0.339181 	0.309003 	0.248994 	0.328883 	0.337987 	0.357164 	0.301042 	0.141052 	0.387894 	0.186071 	0.330320 	0.314101 	0.326745 	0.549237 	0.517630 	0.601338 	0.075427 	0.186065 	0.125533 	0.175603 	0.246966 	0.270134 	0.379099 	0.350889 	0.386107 	0.368220 	0.397481 	0.498320 	0.569719 	0.038077 	0.058400 	0.000000 	0.106579 	0.410475 	0.392829 	0.429849 	0.629864 	0.658093 	0.642340 	0.193642 	0.412411 	0.241946 	0.255526 	0.296470 	0.261341 	0.272596 	0.205100 	0.418583 	0.369902 	0.492923 	0.471949 	0.495435 	0.252809 	0.246824 	0.336512 	0.314457 	0.354642 	0.378199 	0.490408 	0.408238 	
0.287369 	0.228965 	0.189050 	0.278290 	0.289972 	0.312703 	0.246545 	0.035858 	0.365819 	0.085366 	0.319638 	0.311166 	0.292784 	0.503751 	0.471751 	0.554088 	0.066444 	0.165502 	0.090192 	0.146662 	0.166087 	0.202695 	0.356771 	0.333274 	0.362312 	0.348636 	0.335697 	0.464991 	0.531310 	0.077708 	0.048221 	0.106579 	0.000000 	0.396270 	0.401583 	0.421291 	0.582431 	0.608965 	0.581450 	0.206551 	0.366885 	0.235940 	0.232289 	0.273228 	0.255831 	0.266221 	0.120169 	0.381511 	0.336503 	0.437366 	0.423670 	0.446625 	0.298361 	0.269630 	0.342636 	0.328878 	0.354288 	0.374546 	0.489184 	0.448057 	
0.160130 	0.266785 	0.231180 	0.160783 	0.148462 	0.128480 	0.186441 	0.386353 	0.039561 	0.363034 	0.080156 	0.099175 	0.116007 	0.187300 	0.165802 	0.234559 	0.352882 	0.232763 	0.308331 	0.250124 	0.285370 	0.237893 	0.046508 	0.063070 	0.046060 	0.049349 	0.187608 	0.112934 	0.184450 	0.382761 	0.397784 	0.410475 	0.396270 	0.000000 	0.086264 	0.031396 	0.259467 	0.288811 	0.312927 	0.219148 	0.121891 	0.168604 	0.163982 	0.123460 	0.149146 	0.137895 	0.312676 	0.088613 	0.086044 	0.188225 	0.148703 	0.162756 	0.228835 	0.184888 	0.095525 	0.127065 	0.069682 	0.047267 	0.102495 	0.213184 	
0.221478 	0.320036 	0.266674 	0.218635 	0.208888 	0.194908 	0.236122 	0.399343 	0.113742 	0.386392 	0.098028 	0.093858 	0.166707 	0.269246 	0.250318 	0.313273 	0.347796 	0.237423 	0.311413 	0.257503 	0.323328 	0.280781 	0.115311 	0.106769 	0.120029 	0.107610 	0.263005 	0.193122 	0.259227 	0.371466 	0.392626 	0.392829 	0.401583 	0.086264 	0.000000 	0.072488 	0.336116 	0.364730 	0.396208 	0.201019 	0.203246 	0.166238 	0.181487 	0.152153 	0.146957 	0.137574 	0.340450 	0.172579 	0.155331 	0.274406 	0.234918 	0.248845 	0.170480 	0.147205 	0.058950 	0.078731 	0.053755 	0.049600 	0.101967 	0.127022 	
0.191526 	0.298088 	0.260738 	0.192105 	0.179837 	0.159831 	0.217350 	0.412912 	0.070956 	0.391364 	0.101907 	0.115771 	0.146478 	0.197209 	0.179754 	0.240785 	0.375281 	0.256500 	0.332395 	0.274675 	0.315487 	0.268381 	0.077700 	0.090386 	0.077448 	0.079026 	0.217500 	0.120956 	0.187008 	0.403733 	0.420390 	0.429849 	0.421291 	0.031396 	0.072488 	0.000000 	0.263770 	0.292508 	0.324410 	0.236716 	0.150160 	0.189446 	0.189514 	0.150367 	0.169448 	0.158285 	0.341517 	0.115607 	0.117412 	0.209363 	0.169947 	0.181079 	0.232607 	0.195596 	0.101359 	0.131770 	0.077745 	0.052941 	0.071865 	0.195425 	
0.295308 	0.372664 	0.393382 	0.304773 	0.293957 	0.273140 	0.335989 	0.559891 	0.259870 	0.519407 	0.324472 	0.349550 	0.304111 	0.080754 	0.112239 	0.028550 	0.560082 	0.444129 	0.509204 	0.454536 	0.425954 	0.381728 	0.266758 	0.297303 	0.258592 	0.280085 	0.251699 	0.146763 	0.077070 	0.595787 	0.600692 	0.629864 	0.582431 	0.259467 	0.336116 	0.263770 	0.000000 	0.029577 	0.088930 	0.456389 	0.217785 	0.400695 	0.376833 	0.338663 	0.385454 	0.375500 	0.469248 	0.213538 	0.262717 	0.148833 	0.159077 	0.135880 	0.487264 	0.437852 	0.354605 	0.386042 	0.328724 	0.306654 	0.268574 	0.452717 	
0.322316 	0.396331 	0.419999 	0.331954 	0.321435 	0.301069 	0.362820 	0.585774 	0.289441 	0.544482 	0.354037 	0.379127 	0.332838 	0.109615 	0.140634 	0.057236 	0.587871 	0.472555 	0.536872 	0.482627 	0.450971 	0.407536 	0.296311 	0.326847 	0.288141 	0.309646 	0.276316 	0.176228 	0.105508 	0.623769 	0.628119 	0.658093 	0.608965 	0.288811 	0.364730 	0.292508 	0.029577 	0.000000 	0.082599 	0.485660 	0.245736 	0.429943 	0.405646 	0.367756 	0.414830 	0.404919 	0.494760 	0.242641 	0.291770 	0.173093 	0.186529 	0.163131 	0.516770 	0.467427 	0.384034 	0.415489 	0.358148 	0.335958 	0.294579 	0.480136 	
0.303406 	0.357968 	0.395799 	0.313838 	0.305777 	0.289680 	0.341407 	0.554826 	0.302956 	0.509908 	0.364805 	0.391043 	0.327720 	0.127324 	0.147549 	0.094244 	0.569093 	0.460925 	0.517771 	0.467750 	0.417526 	0.379005 	0.307971 	0.336932 	0.299891 	0.321420 	0.246411 	0.203561 	0.150897 	0.606182 	0.606217 	0.642340 	0.581450 	0.312927 	0.396208 	0.324410 	0.088930 	0.082599 	0.000000 	0.484694 	0.237453 	0.429517 	0.399489 	0.366236 	0.417291 	0.408648 	0.463035 	0.246365 	0.292272 	0.150642 	0.179672 	0.158029 	0.532180 	0.477207 	0.403845 	0.434235 	0.378631 	0.359474 	0.342885 	0.519002 	
0.193020 	0.226767 	0.148179 	0.182840 	0.186027 	0.196828 	0.168779 	0.211833 	0.201396 	0.214255 	0.139579 	0.121028 	0.157022 	0.376217 	0.346284 	0.428459 	0.147921 	0.064122 	0.119175 	0.081560 	0.191033 	0.174219 	0.193180 	0.163170 	0.200904 	0.180946 	0.258475 	0.315951 	0.389452 	0.170479 	0.192216 	0.193642 	0.206551 	0.219148 	0.201019 	0.236716 	0.456389 	0.485660 	0.484694 	0.000000 	0.247241 	0.055756 	0.087480 	0.118789 	0.071855 	0.082662 	0.182672 	0.243217 	0.194451 	0.334953 	0.305772 	0.328537 	0.107477 	0.063461 	0.143445 	0.124366 	0.161002 	0.184680 	0.296916 	0.243843 	
0.080468 	0.178330 	0.178652 	0.088798 	0.076928 	0.055357 	0.121119 	0.346782 	0.089612 	0.310433 	0.136989 	0.162849 	0.090298 	0.137635 	0.105698 	0.189235 	0.342300 	0.227264 	0.291472 	0.236895 	0.219198 	0.171434 	0.089441 	0.110833 	0.083579 	0.100381 	0.070435 	0.106790 	0.165213 	0.378051 	0.383153 	0.412411 	0.366885 	0.121891 	0.203246 	0.150160 	0.217785 	0.245736 	0.237453 	0.247241 	0.000000 	0.192158 	0.162597 	0.128950 	0.180721 	0.172747 	0.258764 	0.035434 	0.058341 	0.088452 	0.059760 	0.083199 	0.302487 	0.243870 	0.186149 	0.212460 	0.164938 	0.154957 	0.211335 	0.328759 	
0.143620 	0.197226 	0.123507 	0.134052 	0.135138 	0.143298 	0.126435 	0.233191 	0.147324 	0.223370 	0.088500 	0.075545 	0.102311 	0.320475 	0.290532 	0.372733 	0.186060 	0.071187 	0.145798 	0.091362 	0.176108 	0.146406 	0.138837 	0.109523 	0.146343 	0.127143 	0.208614 	0.261025 	0.334290 	0.214437 	0.231224 	0.241946 	0.235940 	0.168604 	0.166238 	0.189446 	0.400695 	0.429943 	0.429517 	0.055756 	0.192158 	0.000000 	0.039681 	0.063296 	0.020144 	0.031172 	0.181621 	0.187462 	0.138716 	0.280236 	0.250311 	0.272969 	0.131671 	0.070124 	0.107436 	0.099622 	0.118522 	0.139814 	0.254432 	0.236857 	
0.105901 	0.159648 	0.089980 	0.095932 	0.098558 	0.110167 	0.086755 	0.223547 	0.135009 	0.205562 	0.089081 	0.087769 	0.072900 	0.296102 	0.265129 	0.348484 	0.191550 	0.070606 	0.144871 	0.086455 	0.145493 	0.110380 	0.125982 	0.101026 	0.132296 	0.116815 	0.171320 	0.242814 	0.314364 	0.224114 	0.235762 	0.255526 	0.232289 	0.163982 	0.181487 	0.189514 	0.376833 	0.405646 	0.399489 	0.087480 	0.162597 	0.039681 	0.000000 	0.041766 	0.044698 	0.048493 	0.158968 	0.163798 	0.114729 	0.249100 	0.222064 	0.245278 	0.171241 	0.109304 	0.125618 	0.126709 	0.129047 	0.145724 	0.258944 	0.267372 	
0.090125 	0.171177 	0.114917 	0.082501 	0.079302 	0.082235 	0.088517 	0.262929 	0.093270 	0.241390 	0.054538 	0.063788 	0.039960 	0.258158 	0.227824 	0.310520 	0.233297 	0.112325 	0.186490 	0.128062 	0.171469 	0.128830 	0.084235 	0.060426 	0.090537 	0.075418 	0.151891 	0.202017 	0.274255 	0.265609 	0.277527 	0.296470 	0.273228 	0.123460 	0.152153 	0.150367 	0.338663 	0.367756 	0.366236 	0.118789 	0.128950 	0.063296 	0.041766 	0.000000 	0.052797 	0.046920 	0.192409 	0.125127 	0.076003 	0.217190 	0.187031 	0.209750 	0.181969 	0.120153 	0.102234 	0.113257 	0.098400 	0.110754 	0.221058 	0.252589 	
0.139830 	0.204162 	0.134047 	0.131018 	0.130101 	0.134982 	0.128377 	0.252404 	0.129560 	0.240914 	0.068994 	0.055450 	0.092752 	0.305647 	0.276268 	0.357713 	0.206186 	0.090688 	0.165745 	0.110594 	0.188609 	0.155058 	0.121325 	0.091385 	0.129061 	0.109144 	0.203500 	0.244151 	0.317737 	0.234319 	0.251352 	0.261341 	0.255831 	0.149146 	0.146957 	0.169448 	0.385454 	0.414830 	0.417291 	0.071855 	0.180721 	0.020144 	0.044698 	0.052797 	0.000000 	0.011255 	0.197581 	0.173087 	0.125195 	0.269159 	0.237665 	0.259904 	0.131279 	0.068806 	0.088441 	0.083816 	0.098496 	0.119671 	0.234296 	0.223513 	
0.136166 	0.206115 	0.138465 	0.127854 	0.125833 	0.128870 	0.128017 	0.262100 	0.118769 	0.249314 	0.057747 	0.044959 	0.086388 	0.295902 	0.266789 	0.347860 	0.217205 	0.100830 	0.176240 	0.120468 	0.193880 	0.158247 	0.110643 	0.080512 	0.118459 	0.098292 	0.198759 	0.233607 	0.307284 	0.245524 	0.262363 	0.272596 	0.266221 	0.137895 	0.137574 	0.158285 	0.375500 	0.404919 	0.408648 	0.082662 	0.172747 	0.031172 	0.048493 	0.046920 	0.011255 	0.000000 	0.204975 	0.163694 	0.116377 	0.261184 	0.228976 	0.250989 	0.135118 	0.073244 	0.079596 	0.078216 	0.088097 	0.108801 	0.223498 	0.218956 	
0.178366 	0.108842 	0.083054 	0.170808 	0.183762 	0.207896 	0.138330 	0.091802 	0.276908 	0.051970 	0.245988 	0.246712 	0.198772 	0.392506 	0.360793 	0.441276 	0.131962 	0.119428 	0.093925 	0.101131 	0.045972 	0.087822 	0.268259 	0.251203 	0.272065 	0.263327 	0.218991 	0.362398 	0.423835 	0.167329 	0.154420 	0.205100 	0.120169 	0.312676 	0.340450 	0.341517 	0.469248 	0.494760 	0.463035 	0.182672 	0.258764 	0.181621 	0.158968 	0.192409 	0.197581 	0.204975 	0.000000 	0.279001 	0.239432 	0.321913 	0.312237 	0.334448 	0.290053 	0.240504 	0.284131 	0.281005 	0.287739 	0.302809 	0.412934 	0.417672 	
0.102740 	0.207185 	0.196690 	0.108749 	0.095478 	0.071187 	0.140894 	0.364064 	0.061336 	0.330969 	0.118778 	0.145110 	0.091867 	0.133069 	0.103191 	0.185405 	0.351304 	0.232536 	0.301540 	0.244739 	0.242319 	0.193580 	0.063923 	0.091009 	0.056512 	0.076783 	0.105551 	0.083749 	0.151461 	0.385788 	0.393771 	0.418583 	0.381511 	0.088613 	0.172579 	0.115607 	0.213538 	0.242641 	0.246365 	0.243217 	0.035434 	0.187462 	0.163798 	0.125127 	0.173087 	0.163694 	0.279001 	0.000000 	0.049212 	0.105572 	0.068215 	0.088379 	0.286389 	0.230863 	0.162605 	0.191176 	0.139331 	0.125961 	0.175907 	0.299223 	
0.074410 	0.181837 	0.156378 	0.076169 	0.063242 	0.042450 	0.104892 	0.321057 	0.046624 	0.291170 	0.078998 	0.104619 	0.043996 	0.182164 	0.151871 	0.234535 	0.303561 	0.183992 	0.254391 	0.196950 	0.206714 	0.157995 	0.041455 	0.054069 	0.040004 	0.047784 	0.107803 	0.129439 	0.199819 	0.337552 	0.346572 	0.369902 	0.336503 	0.086044 	0.155331 	0.117412 	0.262717 	0.291770 	0.292272 	0.194451 	0.058341 	0.138716 	0.114729 	0.076003 	0.125195 	0.116377 	0.239432 	0.049212 	0.000000 	0.145816 	0.112602 	0.134710 	0.244228 	0.186151 	0.129997 	0.154914 	0.110903 	0.105738 	0.187253 	0.277209 	
0.153775 	0.223832 	0.249105 	0.164040 	0.155392 	0.139098 	0.192998 	0.413205 	0.166684 	0.371413 	0.222713 	0.248971 	0.177994 	0.081185 	0.057540 	0.121988 	0.420498 	0.310424 	0.369167 	0.317770 	0.277903 	0.235094 	0.169476 	0.195416 	0.162070 	0.182173 	0.103224 	0.109516 	0.124548 	0.457253 	0.459007 	0.492923 	0.437366 	0.188225 	0.274406 	0.209363 	0.148833 	0.173093 	0.150642 	0.334953 	0.088452 	0.280236 	0.249100 	0.217190 	0.269159 	0.261184 	0.321913 	0.105572 	0.145816 	0.000000 	0.039562 	0.034329 	0.389725 	0.331941 	0.268174 	0.296496 	0.244775 	0.230099 	0.253406 	0.401398 	
0.136339 	0.222159 	0.234672 	0.145710 	0.134933 	0.114790 	0.177126 	0.401987 	0.128452 	0.363208 	0.186823 	0.213165 	0.149388 	0.080320 	0.048571 	0.130598 	0.401356 	0.287000 	0.350343 	0.296367 	0.270345 	0.224419 	0.131891 	0.159142 	0.124220 	0.144927 	0.101230 	0.078051 	0.114722 	0.437348 	0.441667 	0.471949 	0.423670 	0.148703 	0.234918 	0.169947 	0.159077 	0.186529 	0.179672 	0.305772 	0.059760 	0.250311 	0.222064 	0.187031 	0.237665 	0.228976 	0.312237 	0.068215 	0.112602 	0.039562 	0.000000 	0.023486 	0.354394 	0.298035 	0.230326 	0.259276 	0.206451 	0.191039 	0.216279 	0.361886 	
0.159428 	0.242197 	0.257581 	0.168923 	0.158305 	0.138276 	0.200127 	0.424556 	0.146588 	0.385173 	0.207044 	0.233346 	0.172503 	0.058327 	0.027978 	0.107472 	0.424793 	0.310459 	0.373755 	0.319851 	0.292050 	0.246686 	0.150874 	0.179205 	0.142945 	0.164185 	0.120473 	0.075433 	0.096511 	0.460817 	0.465005 	0.495435 	0.446625 	0.162756 	0.248845 	0.181079 	0.135880 	0.163131 	0.158029 	0.328537 	0.083199 	0.272969 	0.245278 	0.209750 	0.259904 	0.250989 	0.334448 	0.088379 	0.134710 	0.034329 	0.023486 	0.000000 	0.374612 	0.319181 	0.248435 	0.278056 	0.223938 	0.207023 	0.220926 	0.375316 	
0.270979 	0.327188 	0.250430 	0.262286 	0.260900 	0.263243 	0.257907 	0.310462 	0.229692 	0.319271 	0.167611 	0.141282 	0.220826 	0.411648 	0.385773 	0.461363 	0.233325 	0.171469 	0.218849 	0.188926 	0.297276 	0.275229 	0.224260 	0.195413 	0.232383 	0.210783 	0.333858 	0.340563 	0.413159 	0.243305 	0.272267 	0.252809 	0.298361 	0.228835 	0.170480 	0.232607 	0.487264 	0.516770 	0.532180 	0.107477 	0.302487 	0.131671 	0.171241 	0.181969 	0.131279 	0.135118 	0.290053 	0.286389 	0.244228 	0.389725 	0.354394 	0.374612 	0.000000 	0.062511 	0.133364 	0.101849 	0.159156 	0.182679 	0.271822 	0.155444 	
0.208602 	0.267120 	0.191972 	0.199824 	0.198691 	0.202029 	0.195724 	0.275246 	0.178004 	0.275777 	0.113570 	0.088339 	0.159532 	0.360048 	0.332551 	0.411032 	0.209327 	0.121411 	0.182630 	0.141017 	0.241924 	0.215822 	0.171409 	0.141199 	0.179616 	0.157957 	0.271881 	0.292360 	0.366062 	0.228331 	0.252647 	0.246824 	0.269630 	0.184888 	0.147205 	0.195596 	0.437852 	0.467427 	0.477207 	0.063461 	0.243870 	0.070124 	0.109304 	0.120153 	0.068806 	0.073244 	0.240504 	0.230863 	0.186151 	0.331941 	0.298035 	0.319181 	0.062511 	0.000000 	0.094951 	0.068494 	0.117940 	0.142794 	0.247599 	0.180648 	
0.183424 	0.273374 	0.213614 	0.178409 	0.171023 	0.162606 	0.190205 	0.340622 	0.101948 	0.328910 	0.054352 	0.038865 	0.126503 	0.280526 	0.256384 	0.329196 	0.289297 	0.178614 	0.252464 	0.198781 	0.270064 	0.230182 	0.098705 	0.075929 	0.106155 	0.086291 	0.234914 	0.207852 	0.279956 	0.313832 	0.334242 	0.336512 	0.342636 	0.095525 	0.058950 	0.101359 	0.354605 	0.384034 	0.403845 	0.143445 	0.186149 	0.107436 	0.125618 	0.102234 	0.088441 	0.079596 	0.284131 	0.162605 	0.129997 	0.268174 	0.230326 	0.248435 	0.133364 	0.094951 	0.000000 	0.031541 	0.025890 	0.049561 	0.154101 	0.152205 	
0.200529 	0.282446 	0.216673 	0.194240 	0.188575 	0.183474 	0.201394 	0.329977 	0.131515 	0.322833 	0.076112 	0.052441 	0.144203 	0.311572 	0.286940 	0.360519 	0.272202 	0.168733 	0.239341 	0.189250 	0.272015 	0.235966 	0.127397 	0.101676 	0.135180 	0.114394 	0.256318 	0.239279 	0.311489 	0.294141 	0.316581 	0.314457 	0.328878 	0.127065 	0.078731 	0.131770 	0.386042 	0.415489 	0.434235 	0.124366 	0.212460 	0.099622 	0.126709 	0.113257 	0.083816 	0.078216 	0.281005 	0.191176 	0.154914 	0.296496 	0.259276 	0.278056 	0.101849 	0.068494 	0.031541 	0.000000 	0.057406 	0.080877 	0.179374 	0.141003 	
0.171031 	0.266954 	0.213019 	0.167288 	0.158439 	0.147002 	0.183055 	0.349830 	0.078093 	0.334547 	0.044408 	0.043138 	0.114971 	0.254866 	0.231100 	0.303362 	0.303833 	0.188926 	0.264237 	0.208469 	0.269661 	0.227052 	0.075954 	0.057862 	0.082886 	0.064587 	0.217940 	0.181976 	0.254084 	0.330229 	0.348980 	0.354642 	0.354288 	0.069682 	0.053755 	0.077745 	0.328724 	0.358148 	0.378631 	0.161002 	0.164938 	0.118522 	0.129047 	0.098400 	0.098496 	0.088097 	0.287739 	0.139331 	0.110903 	0.244775 	0.206451 	0.223938 	0.159156 	0.117940 	0.025890 	0.057406 	0.000000 	0.024855 	0.136500 	0.166620 	
0.172809 	0.273671 	0.225383 	0.170539 	0.160268 	0.145497 	0.190047 	0.368575 	0.065423 	0.350900 	0.056888 	0.064566 	0.119315 	0.234372 	0.212043 	0.281825 	0.325797 	0.209058 	0.284812 	0.228102 	0.281693 	0.237135 	0.066093 	0.058519 	0.071384 	0.058012 	0.213452 	0.160197 	0.231327 	0.353058 	0.370968 	0.378199 	0.374546 	0.047267 	0.049600 	0.052941 	0.306654 	0.335958 	0.359474 	0.184680 	0.154957 	0.139814 	0.145724 	0.110754 	0.119671 	0.108801 	0.302809 	0.125961 	0.105738 	0.230099 	0.191039 	0.207023 	0.182679 	0.142794 	0.049561 	0.080877 	0.024855 	0.000000 	0.114728 	0.173822 	
0.261663 	0.368888 	0.332508 	0.262902 	0.250323 	0.229264 	0.288935 	0.482437 	0.141630 	0.462422 	0.170028 	0.178948 	0.218285 	0.218618 	0.210932 	0.251176 	0.440223 	0.323733 	0.399528 	0.342629 	0.387350 	0.340204 	0.148981 	0.161757 	0.147824 	0.150890 	0.281194 	0.147968 	0.193545 	0.466665 	0.485386 	0.490408 	0.489184 	0.102495 	0.101967 	0.071865 	0.268574 	0.294579 	0.342885 	0.296916 	0.211335 	0.254432 	0.258944 	0.221058 	0.234296 	0.223498 	0.412934 	0.175907 	0.187253 	0.253406 	0.216279 	0.220926 	0.271822 	0.247599 	0.154101 	0.179374 	0.136500 	0.114728 	0.000000 	0.189263 	
0.335559 	0.423108 	0.357325 	0.330609 	0.323112 	0.313383 	0.341105 	0.455608 	0.239240 	0.455749 	0.206332 	0.189053 	0.278667 	0.391687 	0.375179 	0.432202 	0.385009 	0.300498 	0.362865 	0.320637 	0.412099 	0.376964 	0.239556 	0.224457 	0.245181 	0.229912 	0.384550 	0.315539 	0.375871 	0.397928 	0.425865 	0.408238 	0.448057 	0.213184 	0.127022 	0.195425 	0.452717 	0.480136 	0.519002 	0.243843 	0.328759 	0.236857 	0.267372 	0.252589 	0.223513 	0.218956 	0.417672 	0.299223 	0.277209 	0.401398 	0.361886 	0.375316 	0.155444 	0.180648 	0.152205 	0.141003 	0.166620 	0.173822 	0.189263 	0.000000 	

24167.102925 	3854.567271 	1690.561485 	8805.962647 	9517.543992 	2522.729196 	2991.454642 	7415.504712 	12155.676977 	8728.281758 	429.629439 	583.370241 	278.609393 	134.131437 	814.188879 	32.990800 	505.439439 	182.414076 	105.188100 	56.785926 	3710.520124 	117.485346 	982.050876 	70.402120 	2266.974920 	3399.672312 	953.551954 	763.986469 	215.522271 	18.256025 	105.642318 	233.993050 	873.297415 	552.147706 	38.368365 	47.044983 	683.757827 	799.687244 	48.091389 	1354.585581 	7882.802419 	4230.606487 	296.784363 	248.367902 	16.446339 	44.468952 	1643.397822 	1253.620071 	553.955337 	4593.920143 	1574.855637 	10733.544486 	27.822730 	9.109513 	155.720439 	10.846705 	41.682903 	18.536754 	29.511828 	1.853658 	
1670.895882 	237.253441 	13.425367 	798.922905 	456.708193 	4.549998 	6.934294 	380.558829 	191.311707 	116.702682 	0.378049 	13.831707 	0.741463 	0.024390 	5.141463 	0.000000 	3.585367 	0.859512 	2.268292 	0.024390 	120.359441 	5.708293 	1.735780 	0.195121 	3.688902 	25.028881 	0.546489 	0.048780 	0.853659 	0.195121 	1.341463 	2.719512 	444.359367 	3.490246 	0.000000 	0.000000 	0.597560 	0.000000 	0.000000 	0.012195 	182.678415 	13.423414 	1.073170 	0.414634 	0.000000 	0.292683 	27.529269 	78.278047 	0.930489 	11.964438 	6.329269 	269.769463 	0.000000 	0.414634 	0.058536 	0.000000 	1.097560 	0.000000 	0.024390 	0.000000 	
668.571925 	24.298512 	171.619196 	28.394047 	6.026584 	5.780487 	24.197001 	508.190758 	40.234659 	3436.090980 	20.846343 	13.130489 	1.010976 	0.036585 	19.024389 	0.000000 	4.609754 	15.197559 	3.607804 	11.358142 	119.879664 	22.853706 	9.196827 	10.975609 	13.882927 	17.206341 	4.028170 	4.475611 	0.048780 	0.170731 	1.941460 	15.000000 	27.170731 	5.682927 	0.073170 	0.053073 	3.823657 	0.390243 	2.631706 	2.336586 	67.541808 	16.585368 	33.621952 	7.243904 	0.463414 	2.185561 	88.933317 	1.036584 	0.036585 	31.978903 	4.181707 	105.746338 	0.000000 	0.000000 	2.658537 	1.560975 	0.268291 	0.036585 	0.000000 	0.000000 	
14791.716993 	1069.652634 	156.799145 	2651.027309 	5228.615415 	605.287218 	1357.307250 	3105.936288 	5795.373683 	4870.521681 	438.290073 	160.602441 	56.790466 	138.468267 	393.882046 	27.135000 	176.638977 	64.021660 	115.349292 	20.480244 	495.382803 	16.214146 	222.542122 	40.338289 	1781.142829 	2281.051610 	92.178952 	241.723026 	227.781655 	54.035071 	101.968291 	87.470950 	589.610710 	247.457904 	10.936584 	19.673950 	295.807854 	390.786755 	12.350976 	1160.080074 	1705.599167 	960.180857 	122.155905 	41.528731 	7.854391 	36.209392 	430.710831 	376.620097 	36.292147 	1216.490393 	192.347464 	3121.925997 	43.098048 	24.936635 	67.503367 	12.856098 	2.295122 	5.272147 	24.080488 	0.804877 	
5573.829338 	174.786123 	38.548000 	915.720542 	1323.205587 	840.386802 	139.352173 	1666.938361 	2670.832614 	1327.936294 	117.719904 	144.905732 	358.481268 	105.744853 	139.701294 	3.039439 	69.687121 	25.056852 	8.839026 	3.186196 	260.682393 	5.940292 	68.922535 	5.790949 	1036.747809 	189.721266 	55.800927 	86.482242 	37.792414 	0.948781 	5.697609 	9.590268 	263.749485 	111.577803 	0.597561 	14.975853 	260.103267 	128.062633 	16.741195 	156.378217 	1122.581637 	669.690537 	14.577488 	15.034197 	0.977073 	5.875363 	152.312091 	171.948561 	35.330197 	542.016000 	108.327119 	1592.309170 	4.243903 	0.417073 	14.698390 	3.353658 	0.000000 	2.236585 	2.483559 	0.000000 	
16830.815053 	95.323662 	24.788780 	1538.053587 	3311.458656 	204.788067 	1750.312075 	70.175610 	987.885537 	617.881365 	30.201222 	156.668976 	360.457926 	16.560976 	41.548780 	0.146341 	0.829269 	910.983661 	0.139024 	188.008341 	16.996341 	0.853659 	432.855123 	138.287562 	553.945562 	1045.429071 	499.218292 	125.582565 	850.884516 	0.000000 	0.000000 	0.000000 	155.077952 	16.871951 	6.797560 	7.841464 	10.707316 	3.073170 	1.463415 	285.768778 	1401.260296 	818.987318 	482.923731 	81.717756 	115.508292 	42.493903 	25.739025 	2097.486266 	865.335271 	251.221293 	245.307342 	794.749487 	0.243903 	0.000000 	0.975610 	0.829269 	0.000000 	0.000000 	0.000000 	0.000000 	
659.139978 	33.063879 	24.164343 	258.650687 	103.206070 	11.518485 	53.816950 	159.107343 	589.108972 	242.632903 	10.560973 	2.914633 	8.144634 	0.536586 	28.233048 	0.000000 	9.008122 	0.785365 	2.878050 	0.625609 	26.350855 	11.971464 	20.954926 	0.795439 	29.358535 	67.518730 	3.560974 	2.373171 	5.304171 	0.829269 	5.315122 	10.317073 	19.509681 	5.948148 	1.804878 	21.682927 	3.548782 	0.813342 	0.591463 	28.048878 	152.255754 	32.639560 	9.223634 	14.802438 	1.560975 	0.170731 	11.215756 	14.758048 	2.365852 	1.995121 	5.520292 	135.488295 	0.000000 	0.000000 	11.524390 	0.000000 	0.195121 	0.492683 	0.000000 	0.000000 	
19826.883025 	2941.965241 	2396.164761 	4909.545174 	3520.328272 	1395.937003 	1049.364706 	21569.701059 	22304.566171 	26447.171583 	1971.377004 	1230.067051 	788.918661 	320.075562 	775.878000 	63.088905 	8848.041855 	1952.520610 	4655.196949 	690.782684 	10782.908025 	728.992660 	2039.057295 	802.274833 	13088.015755 	3189.641079 	87.879417 	1708.306485 	837.080903 	1851.332583 	3161.506296 	4319.343219 	13252.341652 	1512.826536 	642.788635 	173.905660 	678.292902 	253.680906 	11.095855 	5588.412661 	3361.603935 	15295.050560 	941.951610 	535.076928 	322.193170 	442.773805 	9941.617632 	1600.897510 	385.267810 	100.065026 	1181.394393 	6384.851050 	38.640147 	102.549949 	647.638221 	108.195927 	259.356292 	82.238244 	142.099952 	74.548780 	
18556.976412 	346.629831 	197.379219 	2456.221509 	850.665879 	106.928195 	239.163342 	13367.969098 	12995.703882 	9791.278415 	5920.775097 	7571.980267 	353.156901 	678.814269 	1171.902879 	97.060855 	1029.826634 	455.990513 	182.061878 	60.681052 	1164.478101 	25.131537 	5204.257192 	2352.990294 	11619.742361 	15469.066932 	118.160998 	3861.818610 	2222.706730 	56.638240 	177.913096 	227.030320 	1444.137682 	8245.996686 	986.225637 	1094.548856 	2016.234756 	2462.328336 	109.011561 	4211.243929 	9511.528606 	8663.495586 	827.380587 	194.564489 	59.292660 	291.064588 	999.986000 	7165.578946 	1602.039826 	6617.220705 	1027.073609 	16223.519901 	498.835096 	244.693048 	1911.309046 	352.620489 	188.705316 	379.150801 	606.862266 	122.295513 	
29549.083413 	1225.825146 	1378.212538 	6331.056583 	4742.846290 	438.458976 	1036.961755 	43457.269969 	33313.060462 	9101.772478 	2199.549291 	1058.122948 	138.553170 	348.509415 	1295.127147 	8.363440 	2886.628075 	591.690146 	3551.309609 	406.386340 	4254.604145 	171.072001 	3655.862779 	459.409389 	11223.083856 	9693.858463 	58.273901 	722.156831 	277.356196 	404.685927 	354.811464 	618.984075 	4879.000803 	2339.299050 	455.025000 	545.137097 	424.993295 	157.256148 	29.988706 	2525.257487 	3884.512221 	5041.986778 	1812.559267 	97.538706 	65.441074 	295.650755 	5711.047022 	982.544193 	383.665462 	109.723000 	794.317093 	7123.698491 	211.823586 	71.307633 	404.570682 	86.765267 	402.801244 	125.611975 	175.741560 	40.473171 	
369.445462 	11.975610 	3.999997 	2.621951 	15.009271 	309.431704 	0.853657 	9332.538615 	4069.141926 	8405.583199 	389.376875 	1037.971124 	3.117804 	58.872195 	60.219511 	0.829269 	21.646341 	76.563612 	10.780491 	15.780490 	75.424392 	0.000000 	419.288024 	799.490046 	133.714926 	1197.182661 	8.695120 	158.568291 	100.531706 	8.292684 	639.500733 	0.146341 	523.054390 	237.983661 	7.228048 	24.407316 	168.443415 	112.882683 	0.560976 	138.832416 	290.090172 	354.009318 	16.151415 	37.894709 	15.452440 	35.527315 	63.085375 	228.799731 	69.031710 	193.317318 	17.796022 	440.437707 	0.642585 	2.695122 	38.660877 	5.486587 	15.952828 	17.960466 	0.317073 	0.000000 	
4896.969546 	19.209756 	58.855587 	248.720636 	327.695173 	1119.541370 	69.903687 	2341.609512 	15804.887583 	1853.435173 	6025.132196 	19535.010853 	381.389535 	169.401149 	291.538465 	34.943416 	71.400976 	418.313781 	24.655122 	5.732196 	108.723661 	1.270488 	1353.721611 	8253.371562 	2507.037925 	13558.747320 	45.719514 	970.010124 	399.647930 	12.302439 	3735.036172 	3.670731 	623.192317 	5955.895830 	603.689197 	351.752321 	910.961464 	199.927633 	47.024391 	2165.872635 	1996.963732 	5237.888002 	1235.019345 	298.062757 	337.370586 	872.101137 	76.887489 	2496.417956 	719.394273 	5682.527193 	706.400244 	4830.149832 	560.278633 	545.924442 	2244.025612 	368.959486 	368.664655 	625.718613 	535.130634 	39.256098 	
733.980077 	140.153170 	120.825366 	290.257193 	650.370610 	108.118656 	248.262976 	210.838268 	1408.313685 	386.020902 	324.068637 	408.422832 	113.765098 	40.849609 	459.388440 	0.000000 	9.424683 	34.380536 	6.554413 	1.409755 	93.132072 	0.609756 	40.924027 	35.200490 	247.673784 	317.878755 	0.957805 	52.225635 	51.574488 	1.658658 	1.085367 	0.903658 	133.289391 	311.737686 	241.955439 	12.341805 	55.156683 	41.451220 	4.975610 	49.758169 	618.665320 	375.371124 	499.248514 	201.268998 	1.970586 	7.371244 	163.553877 	93.413244 	74.935387 	21.155855 	62.305611 	1033.229025 	5.560976 	0.000000 	29.169147 	6.752194 	1.073172 	1.923022 	0.000000 	0.000000 	
106.638049 	1.525365 	0.529269 	25.129269 	1.824388 	0.048780 	1.317072 	12.010486 	63.727584 	119.417536 	0.590244 	4.846339 	0.000000 	242.339706 	93.403537 	1207.801026 	0.621952 	2.514633 	0.000000 	0.170731 	0.121950 	0.000000 	1.892584 	0.036585 	38.846927 	93.226585 	0.929269 	11.412684 	49.281561 	0.073170 	0.000000 	0.000000 	25.826877 	1.080487 	0.219511 	2.475610 	229.978874 	71.764440 	4.141952 	7.162318 	856.394321 	21.159097 	0.485365 	0.000000 	0.000000 	0.000000 	0.000853 	65.923416 	168.507318 	825.284635 	115.129950 	845.156802 	0.195121 	0.078049 	1.390243 	0.000000 	8.045829 	0.000000 	0.031707 	0.000000 	
3159.146778 	93.612852 	17.558341 	658.736074 	326.319637 	24.712930 	92.740660 	2143.736856 	5215.771291 	1010.128854 	204.744028 	409.672344 	4.446340 	420.040365 	8221.590729 	77.777661 	225.682293 	46.175878 	21.185539 	5.836583 	219.653246 	0.000000 	213.834756 	17.476732 	893.183781 	918.634119 	27.597828 	309.454561 	221.584392 	5.490246 	29.230026 	138.687952 	386.761729 	310.396245 	2.478756 	45.564561 	645.591610 	436.827709 	191.095122 	562.424341 	1898.126466 	1205.891708 	62.228831 	45.876831 	2.656414 	24.129734 	45.849272 	504.509709 	52.222707 	8131.983585 	972.088845 	9361.097145 	50.884219 	42.445124 	97.466488 	22.111804 	3.897562 	2.582733 	14.048047 	0.000000 	
71.829074 	0.000000 	0.000000 	0.000000 	0.000000 	0.365854 	0.000000 	0.731707 	11.429415 	0.829269 	0.000000 	0.987805 	0.000000 	174.291876 	3.996588 	31.534021 	0.000000 	0.000000 	0.000000 	0.000000 	0.000000 	0.000000 	0.268293 	0.000000 	3.012196 	0.000000 	0.000000 	147.121950 	6.707317 	0.000000 	0.000000 	0.000000 	0.000000 	0.890244 	0.292683 	0.000000 	84.100314 	5.551951 	1.939024 	0.219511 	304.252245 	0.048780 	0.483463 	0.109756 	0.000000 	0.000000 	0.000000 	1.731708 	0.995122 	1.536586 	1.709367 	27.263901 	0.000000 	0.000000 	0.000000 	0.000000 	0.000000 	0.780488 	0.000000 	0.000000 	
305.102486 	11.946414 	18.932926 	7.085365 	50.446292 	0.539025 	2.597562 	2157.102879 	326.547877 	286.475732 	31.027368 	172.261951 	0.170731 	3.099635 	3.621951 	0.065560 	362.807292 	186.583022 	551.046414 	121.932681 	87.826269 	0.853659 	24.318292 	1.658538 	53.340439 	152.235856 	0.439024 	11.829291 	7.730586 	236.806777 	171.055732 	361.611342 	724.541219 	7.761099 	0.000000 	0.192683 	9.012439 	0.073170 	0.000000 	209.427193 	495.754216 	770.145780 	148.031511 	1.219512 	0.121951 	10.685707 	207.572802 	35.144242 	56.232316 	3.765951 	74.130733 	181.689412 	3.975610 	0.000000 	4.131708 	3.220977 	0.170731 	1.597220 	0.000000 	0.000000 	
505.310421 	2.219512 	4.524462 	8.336585 	5.439024 	4.341463 	1.195122 	1380.172389 	631.743464 	333.896293 	135.980975 	206.395606 	6.106927 	0.329268 	0.000000 	0.195121 	48.855900 	175.173070 	81.184779 	605.308636 	37.269487 	0.032926 	26.865855 	15.834145 	205.435365 	157.459414 	0.829269 	47.256826 	4.736587 	8.326827 	2.536414 	10.092682 	475.629997 	80.140560 	1.056097 	2.780488 	29.048781 	0.256096 	1.890243 	117.641044 	27.507315 	1691.598019 	1219.614994 	18.128048 	1.943952 	3.189754 	61.625391 	15.056928 	64.017073 	0.000000 	70.036587 	129.559951 	1.000000 	2.756097 	61.256098 	24.675612 	1.536585 	6.087318 	0.097561 	0.000000 	
27.451222 	2.243901 	12.672780 	4.039025 	4.960974 	0.487805 	1.339025 	1590.340363 	54.906510 	463.823265 	253.463416 	66.368295 	3.097562 	0.039024 	0.229269 	0.000000 	95.222778 	25.956169 	289.852801 	31.670043 	29.634147 	2.636122 	6.287805 	0.195121 	10.949023 	27.129269 	0.000000 	13.334145 	0.853659 	32.565852 	9.065854 	8.218001 	1520.648166 	4.507315 	3.356122 	1.804878 	1.243903 	0.073170 	0.000000 	9.434149 	11.214637 	204.791412 	23.860974 	5.134148 	2.548219 	0.000000 	196.114485 	23.548950 	2.112195 	1.463415 	3.682927 	65.875609 	0.000000 	0.097561 	4.668292 	3.609756 	0.000000 	1.804878 	0.000000 	0.000000 	
58.724415 	1.024390 	5.854487 	0.853659 	0.260974 	0.000000 	0.121950 	187.135246 	32.426172 	206.101879 	5.243904 	9.097560 	1.702438 	0.000000 	0.207316 	0.000000 	21.499537 	51.482905 	19.542364 	28.568295 	4.630243 	0.000000 	5.604877 	0.000000 	31.817464 	0.914634 	0.573169 	0.219511 	0.780488 	1.085365 	0.743902 	0.434145 	796.067026 	16.829268 	0.268293 	0.048780 	0.487805 	0.243903 	0.000000 	29.472220 	12.266097 	33.507315 	46.209340 	12.718438 	0.439023 	0.266829 	13.112196 	1.261462 	8.634145 	0.969391 	10.133001 	10.559247 	0.000000 	0.014634 	0.463414 	0.024390 	0.000000 	0.048780 	0.219511 	0.000000 	
2053.640980 	376.568635 	720.486345 	377.777537 	121.752216 	14.352660 	26.204880 	3503.331510 	640.923782 	1160.450241 	25.393272 	99.930587 	16.208365 	9.472707 	42.396073 	1.837365 	796.807948 	108.247512 	108.440019 	79.600711 	1126.419366 	205.930290 	186.840390 	10.878048 	211.448928 	213.577782 	2.879632 	58.608683 	23.846682 	26.786537 	74.799904 	59.703658 	157.291415 	17.767363 	0.073170 	0.207316 	30.335025 	11.989633 	0.318829 	77.780999 	244.174050 	270.979635 	8.297562 	4.502439 	0.000000 	21.896733 	1386.063051 	53.298611 	6.103902 	42.927510 	106.031709 	381.728079 	0.495121 	0.341463 	19.275610 	2.243902 	0.207316 	12.574098 	0.973585 	0.000000 	
25.186779 	7.292684 	15.238270 	5.038146 	2.658535 	71.192683 	3.445854 	190.568221 	10.411462 	192.767073 	3.658536 	0.765854 	0.024390 	0.000000 	649.453755 	0.000000 	2.746341 	2.048779 	1.581219 	0.902439 	59.526831 	10.519512 	1.297072 	0.000000 	3.487806 	0.453658 	0.000000 	0.000000 	0.000000 	0.000000 	0.000000 	0.000000 	1.173853 	0.975610 	0.000000 	0.000000 	0.000000 	0.000000 	0.000000 	3.790732 	4.356097 	1.219512 	1.126096 	0.121951 	66.585366 	0.000000 	481.508538 	0.000000 	0.000000 	0.004878 	0.780487 	114.314880 	0.000000 	0.000000 	0.000000 	0.000000 	0.000000 	0.000000 	0.048780 	0.000000 	
2207.827465 	41.611660 	21.869026 	104.692660 	65.133295 	14.493924 	59.354466 	1219.271874 	8316.992730 	1130.391195 	296.681798 	470.118729 	71.211367 	31.793655 	35.748828 	8.347387 	44.399047 	101.125218 	34.257196 	9.996463 	119.098614 	2.626339 	796.504416 	255.910261 	4399.873266 	1541.018899 	15.847022 	469.131950 	214.362318 	3.788490 	17.312194 	3.005731 	109.179390 	1131.876879 	551.708514 	153.038220 	306.159660 	280.704463 	15.468073 	404.443608 	1068.346590 	794.293684 	240.694878 	45.122610 	30.739929 	18.281854 	122.042611 	882.960975 	222.879072 	541.860878 	56.127658 	1937.783610 	49.416340 	13.018073 	378.468633 	46.698949 	76.461194 	179.055580 	50.847072 	3.451219 	
410.736000 	0.000000 	7.243902 	48.184146 	31.804732 	3155.504145 	2.182926 	18747.963706 	2138.374509 	3612.194632 	410.053095 	203.670244 	255.270538 	234.421707 	2717.773221 	1.682928 	156.746342 	150.015607 	0.234145 	0.000000 	86.528779 	0.292683 	154.122804 	1077.637266 	689.161998 	435.979314 	28.024389 	270.296123 	126.257563 	1.307317 	7459.207315 	4.146342 	1131.806584 	291.970730 	17.097561 	20.856097 	385.705368 	229.957903 	0.829269 	477.518050 	357.956779 	454.647850 	16.074879 	12.081220 	1.868293 	192.601048 	84.229269 	671.256168 	72.518292 	13997.483877 	190.724902 	5803.452686 	0.878049 	1.841463 	43.058538 	3.012195 	2.252196 	38.553660 	6.999999 	4.146342 	
6294.978246 	263.176269 	167.169491 	919.831146 	387.670266 	122.046705 	50.272147 	5049.116118 	23881.189443 	3724.642878 	895.752048 	1035.118122 	91.559976 	387.975954 	460.988536 	78.826902 	480.592221 	253.444635 	94.760145 	31.320390 	739.432368 	22.219513 	2690.541390 	899.949657 	9113.167980 	3264.489145 	152.460390 	1650.403832 	883.180906 	18.334219 	156.085341 	109.521075 	951.101316 	5512.901851 	499.972999 	380.907831 	684.098511 	489.219462 	120.968976 	1316.967754 	3418.255394 	2809.837811 	334.253051 	78.734121 	38.851706 	60.756339 	413.591580 	3116.710629 	1178.107708 	3940.435339 	532.756734 	6557.392706 	155.519365 	193.152949 	703.467880 	97.217049 	88.388976 	325.281221 	154.533853 	7.568755 	
8343.885244 	244.257729 	178.474953 	1096.843881 	403.928025 	37.014245 	88.193196 	6351.723289 	38544.321193 	3904.554753 	1843.109050 	13074.624540 	142.214752 	510.499902 	259.883197 	47.587026 	918.683025 	606.380316 	112.699708 	12.448779 	1116.756705 	29.000001 	3310.336049 	3518.656798 	6934.515046 	9921.116316 	87.871221 	3105.481985 	754.971292 	83.028634 	178.807098 	119.717634 	788.607660 	5534.874618 	133.136562 	468.517782 	1465.605711 	840.967609 	80.321099 	2289.954609 	4704.748410 	5077.857634 	776.813536 	60.938685 	18.180195 	536.766631 	605.197056 	5820.946982 	1672.227928 	1725.274099 	1362.589587 	9609.529098 	88.779171 	38.102906 	1418.666875 	35.774806 	25.565268 	188.327829 	112.048026 	17.391219 	
72.677173 	0.682779 	6.734146 	3.792684 	0.404877 	1.745610 	1.969512 	2.180489 	14.234391 	5.531709 	0.146341 	0.000000 	1.181709 	0.500001 	0.631707 	0.000000 	0.097561 	0.060975 	0.000000 	0.268293 	1.165855 	0.000000 	0.747659 	1.463415 	7.076341 	0.000000 	1.945755 	0.000000 	0.000000 	0.000000 	0.439024 	0.000000 	0.000000 	0.000000 	0.000000 	0.000000 	2.585365 	0.000000 	1.243903 	0.000000 	56.976416 	0.000000 	0.536586 	0.195121 	0.000000 	0.000000 	1.000000 	1.146340 	0.292683 	2.841463 	1.731708 	79.680490 	0.000000 	0.000000 	0.707317 	0.000000 	0.000000 	0.000000 	0.000000 	0.000000 	
425.981025 	35.518293 	20.053417 	133.552294 	56.566491 	11.011609 	3.921537 	182.255610 	1196.831197 	685.811389 	211.247319 	719.298368 	40.231416 	144.987634 	372.275025 	170.795001 	36.952074 	70.105462 	25.367754 	1.634146 	34.695609 	5.036586 	165.245535 	45.451219 	409.001295 	2023.956829 	1.097560 	2259.597703 	3039.048887 	0.402463 	1.182927 	8.133682 	74.208292 	410.621220 	824.493415 	249.800002 	1170.629958 	182.565268 	7.407292 	204.482562 	916.723102 	237.722344 	251.917317 	18.763417 	4.390244 	112.814634 	17.402438 	991.020710 	302.390586 	1772.303728 	127.998832 	2123.599857 	8.170732 	17.351220 	261.738046 	120.187806 	129.971613 	118.985365 	72.504877 	4.163413 	
118.603367 	0.121951 	0.914634 	24.551221 	0.195121 	0.195121 	1.060975 	7.371585 	360.348513 	229.540387 	38.902438 	9.573174 	1.146342 	105.617559 	10.101219 	3.362193 	50.373171 	0.731704 	0.512194 	0.000000 	0.902439 	0.195121 	114.672830 	1.427316 	63.220362 	13.094803 	0.219511 	1424.651025 	333.111844 	0.499999 	0.951219 	1.658538 	27.283707 	6.334143 	1.480438 	1.541463 	169.330486 	67.711903 	1.809754 	3.936582 	1183.095337 	55.868293 	16.902436 	0.414633 	0.341463 	0.085365 	7.158535 	176.535291 	31.560972 	899.232706 	154.883976 	211.136728 	0.000000 	0.060975 	9.575610 	0.414634 	6.548781 	0.512194 	2.402439 	0.000000 	
8.268292 	5.763415 	2.200389 	0.485364 	0.500001 	0.000000 	0.000000 	811.574196 	32.954608 	14.631220 	141.204879 	75.899998 	0.073170 	0.073170 	0.000000 	0.085366 	35.829487 	1.258536 	3.402439 	1.463415 	2.075611 	153.439024 	2.780487 	0.000000 	0.884146 	11.143903 	0.000000 	0.792682 	0.000000 	3.865854 	17.336391 	48.841464 	232.318049 	0.073170 	0.000000 	0.073170 	0.000000 	0.000000 	0.000000 	0.341463 	11.769268 	53.721144 	0.080487 	0.000000 	0.000000 	0.060975 	0.956952 	1.121951 	1.993171 	0.000000 	0.292683 	4.463415 	0.000000 	0.000000 	0.751219 	0.780488 	0.000000 	0.000000 	0.000000 	0.000000 	
41.379706 	1.317072 	5.958535 	3.584634 	3.467316 	0.260976 	2.474389 	1006.060000 	674.760780 	23.883657 	555.924391 	140.432928 	0.000000 	0.000000 	0.000000 	0.000000 	10.029802 	1.390243 	7.548951 	0.321951 	1.541463 	2.585365 	1.553952 	0.000000 	297.280488 	13.304880 	0.000000 	0.987806 	1.853658 	19.017464 	17.776585 	38.975610 	353.361806 	0.097561 	2.487805 	0.000000 	0.121951 	0.034317 	0.000000 	0.387805 	7.239024 	225.772805 	5.682927 	0.000000 	0.000000 	0.829269 	12.299511 	1.756098 	0.158536 	0.195121 	0.000000 	10.060974 	0.829269 	0.000000 	0.695122 	0.000000 	0.000000 	0.000000 	0.000000 	0.000000 	
442.834219 	70.353658 	73.056099 	88.907928 	42.570732 	15.304881 	47.121952 	904.225635 	688.011658 	177.658440 	37.624389 	556.712683 	27.475611 	82.158538 	22.804879 	5.853660 	49.933270 	85.146344 	35.804880 	21.670735 	113.035854 	17.573170 	4.195122 	47.490245 	41.829269 	40.317073 	0.000000 	282.280488 	244.578051 	140.241319 	126.066780 	14.812854 	2050.664632 	261.162441 	16.804878 	24.597561 	61.193170 	11.914635 	0.000000 	193.317394 	125.366583 	399.178903 	34.146342 	29.865852 	1.365855 	22.621953 	167.841469 	233.521711 	69.412197 	5.634147 	94.670733 	224.450513 	5.660976 	2.414634 	58.812197 	13.951221 	15.987806 	4.658536 	0.853659 	4.634146 	
4099.353734 	243.611341 	37.849027 	1011.721002 	433.707145 	21.150244 	80.065365 	7101.868559 	6449.251830 	1579.433707 	232.155292 	318.140974 	9.748779 	5.940244 	181.692610 	0.000000 	645.381197 	313.701218 	11499.341855 	121.717023 	379.705685 	1521.839025 	882.950123 	25.805170 	18502.956533 	1232.917464 	0.036585 	1201.675514 	35.109759 	112.359414 	362.789510 	643.846955 	11898.749170 	771.396195 	431.447805 	272.517072 	50.754391 	4.959805 	0.000000 	871.362973 	419.735394 	28665.118854 	1007.086681 	192.376927 	25.521951 	142.554879 	210.005272 	1031.323733 	110.755218 	9.177316 	220.004708 	654.441684 	0.000000 	1.890244 	183.267316 	23.792683 	211.297562 	337.985364 	54.290244 	15.631464 	
1220.411487 	102.739024 	53.389902 	55.685365 	11.600440 	4.256100 	8.168292 	814.285753 	5814.636364 	510.661048 	243.521050 	798.038684 	27.609780 	47.252511 	96.427245 	2.002438 	62.287806 	92.040244 	19.409755 	36.914635 	138.451074 	3.228050 	491.110419 	80.877070 	2498.783755 	3444.315583 	0.219511 	164.975779 	37.656781 	5.451219 	55.348048 	27.015805 	617.086197 	6090.788708 	2240.597340 	2006.027851 	79.172662 	47.725611 	11.663415 	73.780683 	250.237536 	199.018804 	292.413414 	12.595854 	7.431708 	2.195122 	127.069023 	352.765950 	129.833043 	21.006828 	47.014147 	416.322221 	45.921048 	36.563268 	3097.255047 	163.923146 	273.872442 	808.444513 	420.540852 	605.123998 	
9.621951 	0.000000 	0.121951 	10.853659 	0.353658 	0.000000 	0.000000 	782.329317 	1141.267023 	571.098903 	55.939026 	33.092683 	141.160000 	0.902439 	1.097559 	0.121951 	0.000000 	1.548781 	0.243903 	0.000000 	1.243902 	0.000000 	276.757317 	15.963416 	665.891071 	69.078610 	0.000000 	68.407438 	2.036586 	0.000000 	0.000000 	0.000000 	577.218781 	1158.483658 	95.920707 	713.056195 	22.618782 	0.000000 	0.960975 	5.631708 	102.097561 	122.129998 	97.454805 	0.536586 	11.814877 	0.000000 	1.414633 	55.346343 	512.310269 	69.327805 	2.695123 	49.603660 	0.248781 	0.682927 	805.953631 	45.083903 	438.770707 	62.939779 	5.543902 	0.682927 	
191.874003 	20.012194 	8.219513 	5.101708 	10.634124 	46.897560 	5.146560 	442.081707 	1414.475124 	283.513902 	54.036583 	38.935365 	327.895072 	30.708855 	5.797560 	0.000000 	15.817073 	7.830975 	2.609757 	0.000000 	51.446344 	0.000000 	75.756096 	4.195122 	811.762707 	234.145123 	0.000000 	263.060976 	17.180490 	0.000000 	10.000000 	10.826293 	181.857073 	1169.410581 	424.874779 	104.913195 	21.316587 	4.560976 	0.858537 	27.239047 	431.917563 	63.360975 	103.580488 	48.235366 	1.370733 	0.121951 	24.052440 	360.540341 	112.848782 	34.364757 	268.504926 	561.690513 	9.487804 	0.621951 	44.534146 	13.541463 	110.220486 	92.158538 	8.141073 	5.097561 	
154.716120 	0.957804 	7.378049 	8.531706 	4.820733 	5.226831 	6.761709 	23.419515 	399.161391 	3.792684 	19.614634 	13.777558 	0.560974 	217.526632 	16.260976 	381.956484 	0.109756 	31.347561 	0.000000 	0.000000 	1.096341 	0.297561 	38.364513 	18.492684 	36.036658 	222.864192 	0.853657 	302.603341 	130.269363 	0.000000 	0.060975 	1.707316 	20.617072 	43.321586 	6.682927 	5.350975 	1141.201659 	1624.836534 	1235.018193 	6.407316 	281.006271 	39.190243 	8.370609 	0.219511 	0.073170 	1.512195 	1.804878 	34.981368 	86.902438 	338.285095 	94.026829 	2310.117145 	1.195122 	0.024390 	57.739023 	0.000000 	0.000000 	0.073170 	0.256098 	0.000000 	
736.595562 	20.243903 	9.910976 	574.229098 	20.383023 	4.189975 	14.490244 	366.439589 	1583.718487 	48.012831 	10.783416 	2.958706 	0.317073 	210.516778 	701.630023 	19.018268 	99.678196 	14.379268 	0.829269 	0.000000 	154.738342 	5.756097 	130.558758 	2.280489 	147.400950 	74.020486 	5.731708 	192.298339 	32.109511 	4.534146 	0.000000 	2.731707 	31.293243 	100.420879 	1.734048 	0.951219 	286.476684 	20.740411 	33.359634 	73.940634 	407.425707 	198.928657 	7.382439 	0.000000 	0.000000 	0.829269 	103.717318 	223.587562 	114.032827 	17.526829 	165.477977 	2598.059556 	0.292683 	0.000000 	30.494098 	0.000000 	0.468293 	0.000000 	0.000000 	0.000000 	
3.825976 	0.000000 	0.000000 	0.000000 	0.000000 	0.000000 	0.000000 	66.836342 	60.314878 	15.900438 	0.609756 	0.441464 	0.365853 	1.256098 	0.048780 	3.524389 	0.000000 	3.341463 	0.292683 	0.000000 	0.000000 	0.000000 	2.521952 	0.085366 	108.494875 	4.219513 	0.000000 	1.439024 	2.243901 	0.000000 	0.000000 	0.000000 	20.950975 	14.545609 	9.112194 	0.073170 	198.499047 	118.506099 	0.810973 	0.000000 	1.663414 	0.365853 	0.170731 	0.000000 	0.000000 	0.000000 	1.365853 	0.634147 	0.000000 	20.814391 	24.653656 	139.094365 	0.146341 	0.000000 	0.336585 	0.385365 	0.058536 	1.141463 	0.000000 	0.000000 	
1553.643858 	82.885123 	109.673050 	88.131463 	94.160735 	45.053659 	41.830245 	31710.027367 	1689.544394 	3858.376244 	281.008541 	1758.934462 	10.295124 	107.002807 	25.034023 	4.964634 	898.643103 	1569.732222 	4509.694057 	228.758973 	223.233365 	266.973123 	206.335071 	169.352901 	122.891706 	717.773295 	13.692439 	85.720978 	105.257415 	53.601294 	11237.133148 	206.379733 	10648.713000 	204.177906 	0.590244 	17.048539 	103.794633 	177.328538 	17.331219 	2025.180186 	443.641413 	6626.483801 	214.275027 	33.769930 	35.969589 	296.539926 	808.819270 	200.100409 	26.907807 	258.209025 	127.640098 	1651.070098 	260.771270 	185.951319 	107.509855 	10.585366 	5.987805 	3.256098 	18.774780 	0.000000 	
9671.517196 	315.048858 	97.124682 	705.849885 	657.805122 	1197.200898 	245.123047 	2765.791681 	9613.533319 	3749.426972 	218.827665 	506.722416 	71.656269 	593.666954 	811.966170 	58.247877 	175.153855 	89.405124 	64.358463 	14.888198 	666.087963 	4.451220 	664.784977 	88.170999 	1692.217041 	1349.945174 	617.552415 	1056.323889 	253.903410 	39.449635 	90.267662 	143.717928 	595.693195 	459.023075 	22.937827 	140.074466 	1552.052075 	814.471244 	37.897560 	615.211000 	19195.175289 	1749.335296 	99.926440 	50.244587 	8.110975 	63.054904 	240.266803 	1567.168464 	628.904183 	12054.494319 	4587.728073 	7967.196462 	26.459560 	5.518170 	82.328709 	13.938463 	6.131976 	7.888195 	12.754026 	3.853659 	
3363.470262 	94.903315 	49.505293 	160.035981 	223.094364 	205.960488 	26.166465 	4471.660509 	5926.529734 	2969.724538 	1198.154532 	2538.562802 	923.914609 	35.396608 	38.161825 	3.743290 	849.729534 	2845.011567 	493.114100 	164.920561 	414.915560 	10.375363 	371.524560 	575.048587 	1292.997021 	1595.958537 	7.223442 	340.889120 	50.532562 	256.717855 	1037.874439 	155.040853 	1507.816173 	250.340827 	87.075730 	47.661463 	57.608854 	63.679047 	6.342440 	12068.941173 	752.015095 	13681.631268 	6011.807142 	577.239363 	5504.337811 	2774.093512 	376.213005 	2571.765341 	90.418656 	232.499731 	139.774440 	1227.089826 	528.578485 	531.343242 	288.316439 	23.731223 	13.265853 	16.709463 	20.396755 	2.532927 	
1767.436825 	207.090121 	136.532365 	604.950879 	119.362926 	182.008268 	29.960584 	2112.389512 	2436.719413 	7016.237269 	429.411852 	396.312291 	336.677049 	8.036586 	181.120880 	37.463415 	148.570267 	518.627559 	370.035048 	8537.062002 	277.068221 	3.373171 	331.736829 	69.085266 	980.536880 	729.183489 	0.219511 	474.388317 	74.151855 	5.171218 	351.790243 	7.710244 	1622.242438 	348.156540 	145.794535 	11.265852 	231.183583 	29.934145 	3.560974 	415.659318 	1033.332099 	4249.152582 	2828.587901 	241.496583 	253.972900 	19.383658 	517.981509 	399.537145 	214.955146 	141.259659 	158.060487 	918.590536 	15.034195 	9.836902 	1431.378901 	16.111270 	779.301780 	87.778122 	0.000000 	0.609756 	
350.437536 	0.916609 	6.097563 	37.944147 	79.748781 	9.061315 	26.183172 	357.251221 	282.328783 	107.843976 	42.390240 	14.146344 	894.269562 	1.658536 	26.914635 	0.000000 	301.045390 	66.624415 	0.926829 	40.702438 	4.402442 	0.000000 	25.991121 	90.169513 	64.763609 	7.808049 	0.000000 	4.121950 	0.912195 	0.829269 	1439.631220 	17.390244 	1710.427487 	10.517070 	661.608855 	0.731707 	0.292681 	1.980489 	0.000000 	37.475611 	35.141464 	202.723144 	126.994975 	36.575997 	15.833194 	1.817073 	7.931757 	15.955609 	31.549267 	472.245853 	1.926828 	971.765586 	0.000000 	0.024390 	12.224388 	0.000000 	66.399999 	0.000000 	0.000000 	0.000000 	
20.485368 	0.000000 	0.829269 	0.000000 	0.890244 	0.597561 	0.414634 	33.121513 	128.909754 	32.330244 	6.060978 	45.573171 	2.338146 	0.000000 	0.000000 	0.000000 	0.268291 	2.878048 	0.634146 	0.121951 	4.731708 	0.000000 	0.414634 	4.414635 	3.116487 	76.500001 	0.146341 	0.792024 	1.780488 	0.000000 	1.231707 	0.000000 	4.192927 	1.902441 	1.707317 	0.780488 	0.219511 	0.000000 	0.585366 	11.329268 	3.085366 	1984.424530 	53.478142 	19.782584 	4.372926 	4.056096 	4.439025 	0.914635 	2.995122 	0.243903 	0.195121 	7.673391 	0.000000 	0.219511 	16.426828 	0.000000 	2.756098 	0.609756 	0.000000 	0.000000 	
38.166342 	0.682926 	2.731705 	0.357585 	1.029267 	0.780488 	0.731707 	51.712194 	28.522025 	77.491122 	16.114147 	206.644873 	82.042048 	3.756098 	0.000000 	0.724390 	0.512194 	2.217631 	2.295122 	2.439024 	1.890244 	0.000000 	1.560973 	1073.013655 	42.293829 	248.760973 	0.000000 	45.187803 	2.582926 	0.963414 	0.000000 	0.243903 	1.285023 	0.136585 	0.560976 	0.756097 	2.170731 	1.512195 	0.231708 	3.847462 	141.769269 	1153.088170 	34.867072 	2.207194 	14.838901 	35.726748 	2.487805 	4.670730 	7.512195 	0.195121 	3.256098 	12.414633 	0.000000 	0.000000 	5.536585 	0.000000 	0.390244 	0.000000 	0.195121 	0.000000 	
7448.023222 	1225.279536 	1156.190829 	1069.745858 	720.049388 	549.652488 	184.346661 	3326.846653 	206.799417 	890.442992 	140.460978 	74.641195 	3.778101 	15.012195 	44.374147 	0.731707 	201.220248 	53.669874 	683.225583 	632.930926 	5960.297460 	79.123952 	25.867515 	3.865854 	47.614632 	125.100733 	2.390242 	9.882924 	5.841463 	2.941464 	1.617169 	29.537022 	150.085633 	20.224391 	6.731707 	0.000000 	11.756097 	1.292682 	1.700001 	18.399950 	209.401318 	166.307923 	76.348074 	4.219511 	3.385366 	2.400729 	3758.148752 	24.155026 	1.620414 	0.853659 	97.254879 	113.321143 	6.634146 	52.878046 	24.148781 	1.195120 	1.024390 	0.902439 	0.000000 	0.000000 	
12706.409923 	633.682781 	568.073124 	1028.947147 	1967.352393 	217.284339 	485.015370 	935.536906 	13813.725248 	643.047903 	114.060662 	418.918662 	284.131608 	508.570610 	526.187290 	103.943997 	273.738731 	172.542754 	105.998728 	31.665364 	676.498517 	57.078366 	1797.164460 	52.582930 	3248.602609 	4852.233493 	252.296025 	3673.386483 	1755.213903 	2.813196 	23.271267 	18.282245 	467.768293 	623.488539 	61.931220 	80.951464 	1713.197955 	388.959219 	55.643049 	120.552757 	5636.891025 	6171.847245 	78.889923 	115.932804 	0.960925 	165.096340 	208.175949 	5292.404701 	1331.326398 	1151.996610 	1302.514368 	8857.156872 	0.748804 	4.390245 	651.075802 	116.383243 	33.310246 	46.773000 	9.514633 	0.365853 	
947.304751 	129.044097 	37.854657 	80.390391 	69.920754 	59.041434 	720.318073 	727.185881 	500.420125 	312.487488 	188.263243 	128.613367 	66.241851 	13.169025 	10.431387 	23.713657 	224.229462 	68.990559 	102.809808 	56.903683 	192.808465 	9.911805 	107.488488 	13.046338 	381.898929 	1363.929047 	15.837756 	93.102339 	63.307608 	74.740782 	137.303170 	398.611585 	217.216223 	42.602025 	5.866341 	3.207315 	122.654730 	22.483440 	34.504684 	65.615244 	1320.078513 	149.517217 	124.073803 	81.109410 	0.219511 	4.240290 	118.156098 	197.524578 	305.632568 	23.616438 	42.419512 	354.630366 	0.365853 	3.209659 	17.768584 	1.463415 	1.878049 	11.156148 	2.452805 	0.560976 	
15818.434267 	140.485656 	29.308024 	4482.180220 	3142.980877 	334.067757 	186.300391 	1088.080901 	44709.536610 	208.045050 	230.610558 	495.165123 	62.710927 	897.140704 	14347.353024 	117.043510 	39.950316 	60.954709 	1.024390 	14.315146 	51.687169 	7.234609 	5810.241463 	244.279585 	20427.132853 	6339.006759 	21.659023 	3344.150514 	738.837396 	1.938805 	8.162803 	5.009463 	47.166976 	1285.134734 	175.482342 	427.359710 	2495.346465 	403.272072 	101.479878 	282.573608 	29723.493683 	1420.147732 	211.358512 	28.217733 	0.390244 	11.172439 	26.669074 	4482.200002 	344.937049 	53.754877 	54317.282271 	84721.164171 	180.048780 	8.719512 	223.775682 	211.118829 	60.565366 	67.989513 	41.809000 	0.000000 	
6058.154664 	179.183757 	21.100002 	1250.710688 	603.382738 	462.303172 	165.540732 	2349.190732 	4442.669104 	1083.350976 	275.210371 	171.505686 	26.478048 	781.161393 	1400.888145 	284.994757 	68.177562 	19.268295 	6.439023 	1.804879 	109.736098 	7.341463 	1048.082097 	141.542418 	2952.411912 	746.367757 	22.757805 	1594.322854 	1192.191768 	2.261464 	3.414634 	26.890245 	895.018878 	752.474932 	1065.490146 	1053.593316 	1920.676518 	1148.699538 	132.296145 	152.650734 	12573.792406 	1135.177148 	114.090243 	131.915269 	6.646341 	13.987807 	33.504882 	3350.287711 	836.455757 	9419.304099 	5199.307948 	14332.090832 	15.341464 	8.953660 	633.973902 	641.167200 	220.251217 	278.018293 	44.414977 	25.097563 	
17777.370363 	421.443168 	190.225876 	1840.677541 	1359.581488 	567.729978 	95.204265 	8661.028170 	24979.640806 	2728.913393 	904.669680 	1723.700127 	138.371487 	5531.425266 	8199.063386 	1056.125244 	476.572095 	112.188487 	34.465047 	12.001022 	527.050022 	17.440026 	1769.528217 	146.139929 	5415.441952 	5903.499004 	636.371095 	3046.575295 	1685.153606 	17.597563 	90.071805 	88.439340 	959.409243 	984.689757 	190.622121 	390.687245 	9807.332197 	4319.121074 	992.947269 	1573.767390 	21704.398552 	3835.764948 	203.216124 	167.571951 	14.806734 	75.066363 	442.595190 	3500.524902 	562.219660 	26772.085295 	11993.256859 	37157.769585 	29.435902 	30.366927 	284.133681 	29.650002 	8.978537 	28.396587 	25.963339 	18.219024 	
0.311463 	0.000000 	0.000000 	0.000000 	0.000000 	0.195121 	0.000000 	0.004902 	68.385366 	1.536585 	40.424389 	13.834026 	0.024390 	0.000000 	0.000000 	0.000000 	0.000000 	0.009780 	0.195121 	0.000000 	0.000000 	0.000000 	13.823170 	3.317073 	9.028780 	3.126853 	0.000000 	7.609903 	0.275855 	0.000000 	0.004902 	0.004878 	0.902439 	20.856804 	0.000000 	3.804877 	0.009805 	0.000000 	0.292683 	6.113049 	0.256096 	47.615195 	1.112220 	0.000000 	0.000000 	0.000000 	0.190243 	0.451221 	0.048780 	0.000000 	0.000000 	8.334243 	0.000000 	10.777610 	45.608926 	1.490391 	0.390244 	0.539023 	0.000000 	0.000000 	
2.180367 	0.000000 	0.087805 	0.000000 	0.000000 	0.000000 	0.000000 	5.213415 	189.374976 	0.995487 	4.617074 	18.098463 	0.073170 	0.000000 	0.000000 	0.000000 	0.148781 	1.482756 	0.000000 	0.073170 	0.036585 	0.000000 	1.206098 	0.000000 	2.742927 	9.853659 	0.000000 	1.695123 	0.000000 	0.000000 	0.000000 	0.000000 	0.000000 	20.695779 	1.373170 	0.524389 	0.000000 	0.000000 	0.000000 	8.675095 	0.939022 	80.655850 	2.097562 	0.731707 	0.000000 	0.000000 	1.634146 	1.492171 	1.170732 	0.000000 	0.000000 	5.134146 	1175.570755 	210.523927 	170.829268 	411.482586 	23.129268 	5.026756 	0.134170 	0.000000 	
379.722436 	1.739023 	21.975072 	1.878049 	11.322805 	45.347317 	6.146340 	2562.407781 	4785.345682 	581.540464 	119.722219 	1364.291583 	70.533293 	1.326829 	836.508292 	0.024390 	61.194902 	111.478414 	25.338196 	6.321782 	237.419097 	1.674708 	220.152074 	33.211902 	741.039169 	1059.283782 	0.000000 	105.338367 	12.084169 	4.944171 	137.648293 	50.972805 	155.658293 	1189.510974 	964.032683 	51.212293 	63.432268 	18.512194 	1.946340 	84.020805 	192.810025 	632.765143 	85.958218 	91.940880 	27.586998 	19.311804 	107.329293 	1071.755365 	366.277342 	66.690658 	72.227051 	751.562339 	163.642218 	269.669463 	2074.368706 	1350.440098 	7751.471683 	441.667367 	24.129268 	14.682562 	
150.039951 	0.841464 	4.975610 	0.000000 	1.329270 	0.000000 	0.042414 	117.158511 	684.825048 	86.685463 	26.060976 	116.096926 	5.768293 	4.243904 	0.341463 	0.000000 	66.662171 	17.853658 	3.951222 	0.000000 	63.248560 	0.030487 	37.755072 	0.475609 	89.158490 	78.329271 	0.000000 	10.253656 	1.780488 	0.829269 	24.878049 	9.951220 	25.871512 	109.956096 	167.340147 	15.224661 	3.363414 	0.000000 	0.682926 	16.228147 	137.619343 	134.911367 	5.296585 	0.048780 	0.000000 	0.841464 	17.251831 	377.858046 	87.709758 	0.000000 	43.571707 	43.622049 	25.916244 	22.870050 	766.110830 	322.974658 	1951.480833 	74.683269 	1.963414 	0.000000 	
1.013853 	0.000000 	0.987805 	0.829269 	0.000000 	0.000000 	0.000000 	37.260682 	497.298072 	187.881340 	80.043951 	40.846782 	48.896268 	0.683195 	5.220999 	0.000000 	0.000000 	2.353659 	0.243903 	1.216927 	0.048780 	0.000000 	76.700560 	10.144804 	177.985290 	31.902561 	0.000000 	22.588120 	24.491781 	0.000000 	0.000000 	0.000000 	51.990000 	381.685902 	129.090658 	22.236585 	23.396122 	0.000000 	0.000000 	5.160171 	11.384732 	12.882243 	160.076097 	1.490244 	0.448926 	0.000000 	0.329268 	45.837904 	1174.324828 	1.889513 	0.829269 	43.685196 	0.609756 	4.862463 	1808.594148 	177.956658 	2942.879074 	1210.021144 	2.385658 	0.000000 	
264.073392 	0.000000 	2.469510 	1.426830 	4.536585 	0.000000 	0.365853 	378.855729 	952.950979 	127.196755 	23.957610 	59.657730 	159.400000 	3.329269 	2.487805 	1.857317 	39.974707 	123.008976 	0.829269 	0.048780 	30.969270 	0.000000 	167.490853 	10.341466 	1413.931805 	46.060974 	0.000000 	21.356097 	0.512194 	1.658536 	29.024488 	48.926781 	394.146171 	702.816486 	30.366096 	66.164023 	1.014634 	0.097560 	0.060975 	13.797559 	43.843488 	96.640681 	216.447438 	35.390244 	0.585366 	1.268293 	14.901195 	104.149804 	2185.236438 	1.643049 	16.638000 	122.901903 	2.251072 	3.286780 	1046.711536 	159.521559 	16126.342290 	566.273731 	2.463415 	0.487806 	
1.951219 	0.000000 	0.219512 	0.000000 	0.207317 	0.000000 	0.000000 	135.211219 	246.757317 	99.025123 	0.902439 	11.475610 	0.000000 	0.000000 	0.000000 	0.000000 	0.060976 	0.000000 	0.000000 	0.000000 	0.085366 	0.000000 	11.926829 	0.829268 	180.471463 	12.780489 	0.000000 	0.000000 	0.365854 	0.000000 	0.000000 	0.000000 	175.511950 	158.712853 	5.182927 	7.420535 	0.000000 	0.085366 	0.000000 	0.829268 	0.451220 	0.000000 	0.000000 	0.000000 	0.000000 	0.000000 	0.195122 	0.170732 	0.000000 	0.000000 	0.000000 	2.487805 	0.039024 	0.000000 	0.926829 	1.060976 	22.536585 	0.182926 	0.334146 	0.000000 	
0.414634 	0.000000 	0.000000 	0.000000 	0.487805 	0.000000 	0.000000 	4.123415 	21.339756 	245.674268 	0.000000 	0.902439 	0.000000 	0.000000 	0.000000 	0.000000 	0.000000 	0.000000 	0.000000 	0.000000 	0.000000 	0.000000 	0.000000 	0.000000 	53.241220 	1.975610 	0.000000 	0.000000 	0.000000 	0.000000 	0.000000 	0.000000 	137.959268 	341.015902 	18.886341 	4.828293 	0.000000 	0.000000 	0.000000 	0.000000 	0.000000 	0.329268 	0.000000 	0.000000 	0.000000 	0.000000 	0.000000 	0.000000 	0.000000 	0.000000 	0.731707 	0.000000 	0.000000 	0.000000 	0.000000 	0.000000 	0.000000 	1.573171 	0.000000 	0.000000 	


12006.209052 	15562.954269 	19119.699259 	22676.444249 	
12006.209052 	15562.954269 	19119.699259 	22676.444249 	
12006.209052 	15562.954269 	19119.699259 	22676.444249 	
12006.209052 	15562.954269 	19119.699259 	22676.444249 	
12006.209052 	15562.954269 	19119.699259 	22676.444249 	
12006.209052 	15562.954269 	19119.699259 	22676.444249 	
12006.209052 	15562.954269 	19119.699259 	22676.444249 	
11924.167519 	15456.608576 	18989.049407 	22521.490238 	
12015.761507 	15575.336564 	19134.911394 	22694.486223 	
11944.737456 	15483.272195 	19021.806709 	22560.341222 	
12028.911021 	15592.381518 	19155.851788 	22719.322058 	
12028.911021 	15592.381518 	19155.851788 	22719.322058 	
12028.911021 	15592.381518 	19155.851788 	22719.322058 	
12003.957913 	15560.036247 	19116.114355 	22672.192462 	
12003.957913 	15560.036247 	19116.114355 	22672.192462 	
12003.957913 	15560.036247 	19116.114355 	22672.192462 	
11954.956916 	15496.519089 	19038.081037 	22579.642985 	
11954.956916 	15496.519089 	19038.081037 	22579.642985 	
11954.956916 	15496.519089 	19038.081037 	22579.642985 	
11954.956916 	15496.519089 	19038.081037 	22579.642985 	
12011.938143 	15570.380558 	19128.822746 	22687.264934 	
12011.938143 	15570.380558 	19128.822746 	22687.264934 	
12015.761507 	15575.336564 	19134.911394 	22694.486223 	
12015.761507 	15575.336564 	19134.911394 	22694.486223 	
12015.761507 	15575.336564 	19134.911394 	22694.486223 	
12015.761507 	15575.336564 	19134.911394 	22694.486223 	
11978.123405 	15526.548470 	19074.973308 	22623.398146 	
11962.937146 	15506.863400 	19050.789428 	22594.715457 	
11962.937146 	15506.863400 	19050.789428 	22594.715457 	
11978.123405 	15526.548470 	19074.973308 	22623.398146 	
11978.123405 	15526.548470 	19074.973308 	22623.398146 	
11978.123405 	15526.548470 	19074.973308 	22623.398146 	
11910.791700 	15439.270275 	18967.748625 	22496.226975 	
11935.518504 	15471.322200 	19007.125671 	22542.929142 	
11935.518504 	15471.322200 	19007.125671 	22542.929142 	
11935.518504 	15471.322200 	19007.125671 	22542.929142 	
12021.490598 	15582.762853 	19144.034881 	22705.306909 	
12021.490598 	15582.762853 	19144.034881 	22705.306909 	
12021.490598 	15582.762853 	19144.034881 	22705.306909 	
11914.948566 	15444.658580 	18974.368369 	22504.078158 	
11953.944498 	15495.206751 	19036.468778 	22577.730805 	
11968.332735 	15513.857390 	19059.381819 	22604.906248 	
11968.332735 	15513.857390 	19059.381819 	22604.906248 	
11968.332735 	15513.857390 	19059.381819 	22604.906248 	
11968.332735 	15513.857390 	19059.381819 	22604.906248 	
11968.332735 	15513.857390 	19059.381819 	22604.906248 	
11978.123405 	15526.548470 	19074.973308 	22623.398146 	
11993.738453 	15546.789353 	19099.840026 	22652.890700 	
11993.738453 	15546.789353 	19099.840026 	22652.890700 	
11977.885190 	15526.239684 	19074.593953 	22622.948222 	
11977.885190 	15526.239684 	19074.593953 	22622.948222 	
11977.885190 	15526.239684 	19074.593953 	22622.948222 	
11978.123405 	15526.548470 	19074.973308 	22623.398146 	
11978.123405 	15526.548470 	19074.973308 	22623.398146 	
11978.123405 	15526.548470 	19074.973308 	22623.398146 	
11978.123405 	15526.548470 	19074.973308 	22623.398146 	
11978.123405 	15526.548470 	19074.973308 	22623.398146 	
11978.123405 	15526.548470 	19074.973308 	22623.398146 	
11978.123405 	15526.548470 	19074.973308 	22623.398146 	
11978.123405 	15526.548470 	19074.973308 	22623.398146 	

1.00
0.75
1.00
1.50

7.320173e-06 	5.106219e-06 	4.478605e-06 	4.254279e-06 	
2.887625e-06 	1.876233e-06 	1.568669e-06 	1.438831e-06 	
5.952609e-06 	4.109678e-06 	3.580809e-06 	3.385635e-06 	
5.963706e-06 	4.117765e-06 	3.588094e-06 	3.392684e-06 	
7.887858e-06 	5.519889e-06 	4.851286e-06 	4.614858e-06 	
3.305748e-06 	2.180918e-06 	1.843164e-06 	1.704413e-06 	
7.621857e-06 	5.326055e-06 	4.676659e-06 	4.445901e-06 	
5.207704e-06 	3.566869e-06 	3.091784e-06 	2.912490e-06 	
4.089067e-06 	2.751721e-06 	2.357407e-06 	2.201958e-06 	
3.428163e-06 	2.270122e-06 	1.923528e-06 	1.782168e-06 	
7.990638e-06 	5.594785e-06 	4.918761e-06 	4.680142e-06 	
7.775345e-06 	5.437902e-06 	4.777422e-06 	4.543393e-06 	
6.016462e-06 	4.156209e-06 	3.622728e-06 	3.426193e-06 	
8.028370e-06 	5.622280e-06 	4.943532e-06 	4.704108e-06 	
8.363005e-06 	5.866128e-06 	5.163217e-06 	4.916661e-06 	
2.983406e-06 	1.946028e-06 	1.631548e-06 	1.499669e-06 	
6.639464e-06 	4.610188e-06 	4.031725e-06 	3.821909e-06 	
6.236536e-06 	4.316576e-06 	3.767205e-06 	3.565979e-06 	
7.726516e-06 	5.402320e-06 	4.745366e-06 	4.512378e-06 	
8.246566e-06 	5.781279e-06 	5.086776e-06 	4.842701e-06 	
4.248360e-06 	2.867797e-06 	2.461982e-06 	2.303137e-06 	
5.698388e-06 	3.924429e-06 	3.413915e-06 	3.224160e-06 	
8.060980e-06 	5.646043e-06 	4.964940e-06 	4.724821e-06 	
4.979606e-06 	3.400654e-06 	2.942040e-06 	2.767607e-06 	
7.414759e-06 	5.175143e-06 	4.540700e-06 	4.314357e-06 	
4.491995e-06 	3.045333e-06 	2.621926e-06 	2.457888e-06 	
7.762711e-06 	5.428695e-06 	4.769128e-06 	4.535368e-06 	
8.071565e-06 	5.653756e-06 	4.971889e-06 	4.731545e-06 	
5.685925e-06 	3.915347e-06 	3.405733e-06 	3.216244e-06 	
7.103685e-06 	4.948465e-06 	4.336482e-06 	4.116771e-06 	
5.553949e-06 	3.819176e-06 	3.319092e-06 	3.132416e-06 	
5.984194e-06 	4.132695e-06 	3.601544e-06 	3.405697e-06 	
6.714416e-06 	4.664805e-06 	4.080930e-06 	3.869516e-06 	
6.136146e-06 	4.243421e-06 	3.701300e-06 	3.502213e-06 	
3.697578e-06 	2.466444e-06 	2.100397e-06 	1.953294e-06 	
6.448073e-06 	4.470722e-06 	3.906078e-06 	3.700342e-06 	
5.553266e-06 	3.818679e-06 	3.318643e-06 	3.131982e-06 	
8.073614e-06 	5.655249e-06 	4.973234e-06 	4.732846e-06 	
4.913874e-06 	3.352755e-06 	2.898887e-06 	2.725856e-06 	
3.135357e-06 	2.056755e-06 	1.731303e-06 	1.596185e-06 	
3.603334e-06 	2.397768e-06 	2.038527e-06 	1.893432e-06 	
7.997980e-06 	5.600135e-06 	4.923581e-06 	4.684805e-06 	
3.006967e-06 	1.963197e-06 	1.647016e-06 	1.514634e-06 	
3.174114e-06 	2.084997e-06 	1.756747e-06 	1.620802e-06 	
4.483288e-06 	3.038988e-06 	2.616210e-06 	2.452358e-06 	
8.360103e-06 	5.864013e-06 	5.161312e-06 	4.914817e-06 	
6.355878e-06 	4.403540e-06 	3.845552e-06 	3.641782e-06 	
3.612042e-06 	2.404113e-06 	2.044243e-06 	1.898963e-06 	
3.604359e-06 	2.398515e-06 	2.039199e-06 	1.894083e-06 	
3.486553e-06 	2.312671e-06 	1.961861e-06 	1.819256e-06 	
4.763971e-06 	3.243522e-06 	2.800477e-06 	2.630641e-06 	
6.341878e-06 	4.393338e-06 	3.836361e-06 	3.632889e-06 	
5.020923e-06 	3.430762e-06 	2.969164e-06 	2.793851e-06 	
8.141224e-06 	5.704517e-06 	5.017619e-06 	4.775791e-06 	
8.335688e-06 	5.846222e-06 	5.145284e-06 	4.899309e-06 	
4.355751e-06 	2.946052e-06 	2.532483e-06 	2.371349e-06 	
4.012067e-06 	2.695611e-06 	2.306857e-06 	2.153050e-06 	
7.066465e-06 	4.921343e-06 	4.312048e-06 	4.093130e-06 	
7.331612e-06 	5.114555e-06 	4.486115e-06 	4.261545e-06 	
6.461561e-06 	4.480551e-06 	3.914933e-06 	3.708909e-06 	

7.170172e-06 	5.273800e-06 	4.766089e-06 	4.613028e-06 	
4.071189e-06 	2.817630e-06 	2.455703e-06 	2.320041e-06 	
7.333287e-06 	5.403081e-06 	4.887697e-06 	4.733720e-06 	
4.207934e-06 	2.926011e-06 	2.557651e-06 	2.421221e-06 	
3.931254e-06 	2.706722e-06 	2.351378e-06 	2.216501e-06 	
5.026063e-06 	3.574438e-06 	3.167591e-06 	3.026568e-06 	
4.530124e-06 	3.181370e-06 	2.797853e-06 	2.659615e-06 	
4.354036e-06 	3.041807e-06 	2.666574e-06 	2.529324e-06 	
5.282540e-06 	3.777714e-06 	3.358802e-06 	3.216339e-06 	
4.334896e-06 	3.026637e-06 	2.652305e-06 	2.515162e-06 	
7.967460e-06 	5.905709e-06 	5.360492e-06 	5.202955e-06 	
9.731958e-06 	7.304202e-06 	6.675979e-06 	6.508535e-06 	
2.990203e-06 	1.960870e-06 	1.649795e-06 	1.520202e-06 	
5.584952e-06 	4.017398e-06 	3.584260e-06 	3.440099e-06 	
3.489119e-06 	2.356298e-06 	2.021753e-06 	1.889358e-06 	
4.595625e-06 	3.233285e-06 	2.846687e-06 	2.708080e-06 	
3.155445e-06 	2.091837e-06 	1.772988e-06 	1.642467e-06 	
7.227379e-06 	5.319141e-06 	4.808739e-06 	4.655357e-06 	
5.632164e-06 	4.054817e-06 	3.619458e-06 	3.475032e-06 	
6.705069e-06 	4.905172e-06 	4.419341e-06 	4.268892e-06 	
5.062642e-06 	3.603429e-06 	3.194862e-06 	3.053633e-06 	
7.342432e-06 	5.410329e-06 	4.894514e-06 	4.740487e-06 	
2.940226e-06 	1.921260e-06 	1.612536e-06 	1.483223e-06 	
7.192927e-06 	5.291835e-06 	4.783054e-06 	4.629866e-06 	
3.548028e-06 	2.402988e-06 	2.065671e-06 	1.932946e-06 	
4.046094e-06 	2.797741e-06 	2.436994e-06 	2.301473e-06 	
3.450201e-06 	2.325453e-06 	1.992738e-06 	1.860562e-06 	
3.639262e-06 	2.475297e-06 	2.133689e-06 	2.000452e-06 	
7.919185e-06 	5.867447e-06 	5.324501e-06 	5.167235e-06 	
5.482021e-06 	3.935818e-06 	3.507522e-06 	3.363939e-06 	
6.136610e-06 	4.454627e-06 	3.995538e-06 	3.848280e-06 	
7.883882e-06 	5.839467e-06 	5.298182e-06 	5.141114e-06 	
7.736504e-06 	5.722659e-06 	5.188307e-06 	5.032067e-06 	
7.579981e-06 	5.598603e-06 	5.071614e-06 	4.916253e-06 	
2.844313e-06 	1.845242e-06 	1.541030e-06 	1.412256e-06 	
7.671215e-06 	5.670913e-06 	5.139632e-06 	4.983759e-06 	
3.927851e-06 	2.704025e-06 	2.348841e-06 	2.213983e-06 	
9.274086e-06 	6.941305e-06 	6.334621e-06 	6.169749e-06 	
3.740917e-06 	2.555866e-06 	2.209476e-06 	2.075668e-06 	
7.564669e-06 	5.586467e-06 	5.060199e-06 	4.904923e-06 	
7.672917e-06 	5.672261e-06 	5.140901e-06 	4.985017e-06 	
9.425718e-06 	7.061484e-06 	6.447667e-06 	6.281943e-06 	
9.632430e-06 	7.225318e-06 	6.601777e-06 	6.434893e-06 	
9.754713e-06 	7.322237e-06 	6.692943e-06 	6.525372e-06 	
7.056395e-06 	5.183623e-06 	4.681265e-06 	4.528843e-06 	
6.361399e-06 	4.632789e-06 	4.163125e-06 	4.014605e-06 	
7.798390e-06 	5.771708e-06 	5.234445e-06 	5.077857e-06 	
4.450587e-06 	3.118331e-06 	2.738556e-06 	2.600764e-06 	
6.021770e-06 	4.363608e-06 	3.909921e-06 	3.763308e-06 	
6.991957e-06 	5.132551e-06 	4.633225e-06 	4.481164e-06 	
5.283390e-06 	3.778388e-06 	3.359436e-06 	3.216969e-06 	
4.695366e-06 	3.312337e-06 	2.921047e-06 	2.781880e-06 	
3.220734e-06 	2.143583e-06 	1.821663e-06 	1.690776e-06 	
3.700936e-06 	2.524178e-06 	2.179668e-06 	2.046085e-06 	
9.053550e-06 	6.766514e-06 	6.170205e-06 	6.006571e-06 	
7.141462e-06 	5.251045e-06 	4.744685e-06 	4.591785e-06 	
8.318573e-06 	6.183992e-06 	5.622257e-06 	5.462749e-06 	
9.596702e-06 	7.197001e-06 	6.575141e-06 	6.408457e-06 	
8.763898e-06 	6.536944e-06 	5.954261e-06 	5.792252e-06 	
4.216866e-06 	2.933090e-06 	2.564310e-06 	2.427830e-06 	

